编号	专业分类	年级	性别	Q1	Q2	Q3	Q4	Q5	Q61	Q62	Q63	Q64	Q65	Q66	Q67	Q68	Q69	Q610	Q611	Q612	Q613	Q614	Q615	Q616
1	5	1	 	1	1	2	1	5	0	0	0	0	0	0	0	4	0	0	4	4	3	4	4	4
2	5	1	 	1	1	2	1	3	0	0	0	0	0	0	0	5	0	0	5	0	0	3	4	0
3	5	1	1	1	1	2	1	4	0	0	0	0	0	0	0	2	0	0	5	2	4	3	5	3
4	3	 	1	1	1	2	1	3	0	0	0	0	0	0	0	5	0	0	5	5	5	5	5	5
5	1	 	1	1	1	1	1	4	0	0	0	0	0	0	0	2	0	0	1	2	4	4	4	4
6	1	1	1	1	1	1	1	5	0	0	0	0	0	0	0	2	0	0	5	2	2	2	5	3
7	3	1	1	1	1	1	1	3	0	0	0	0	0	0	0	2	0	0	3	3	3	3	4	1
8	4	1	1	1	1	2	1	5	0	0	0	0	0	0	0	1	0	0	3	2	3	2	3	4
9	3	1	1	1	1	1	1	1	0	0	0	0	0	0	0	3	0	1	5	5	3	4	5	5
10	4	2	1	1	1	2	1	5	0	0	0	0	0	0	0	2	0	1	2	2	4	4	5	3
11	4	2	1	1	1	2	1	2	0	0	0	0	0	0	0	1	1	1	5	5	4	3	5	3
12	4	2	1	1	1	2	1	3	0	0	0	0	0	0	0	3	1	1	2	2	2	5	5	2
13	1	2	1	1	1	1	1	2	0	0	0	0	0	1	0	2	1	1	5	4	4	3	5	3
14	1	2	1	1	1	2	1	2	0	0	0	0	0	1	0	5	1	1	5	1	1	5	5	3
15	1	2	1	1	1	1	1	5	0	0	0	0	0	1	0	1	1	1	4	2	2	2	2	2
16	3	2	1	1	1	2	1	2	0	0	0	0	0	1	0	4	1	1	3	3	3	2	3	3
17	3	2	1	1	1	2	1	2	0	0	0	0	0	1	0	2	1	1	5	5	4	4	5	5
18	3	2	1	1	1	3	1	5	1	0	0	0	0	1	0	4	1	1	5	2	2	2	5	3
19	3	2	1	1	1	1	1	2	1	0	0	1	0	1	0	1	1	1	4	2	2	4	3	4
20	3	2	1	1	1	3	1	3	1	0	0	1	0	1	0	2	1	1	4	4	3	4	5	4
21	1	2	1	1	1	2	1	5	1	0	0	1	0	1	0	2	1	1	5	4	4	3	2	4
22	3	2	1	1	1	2	1	5	1	0	0	1	0	1	0	2	1	1	5	3	3	3	5	3
23	3	2	1	1	1	2	1	5	1	0	0	1	0	1	0	1	1	1	2	2	3	2	1	2
24	3	2	1	1	1	2	1	3	1	0	0	1	0	1	0	5	1	1	4	4	3	3	3	5
25	3	2	1	1	1	3	1	2	1	0	0	1	0	1	0	5	1	1	3	3	5	4	3	1
26	3	2	1	1	1	1	1	2	1	0	1	1	0	1	0	2	1	1	2	3	3	4	2	4
27	3	2	1	1	1	1	1	2	1	1	1	1	0	1	0	3	1	1	3	3	4	4	4	3
28	3	2	1	1	1	1	1	4	1	1	1	1	0	1	0	4	1	1	3	3	3	4	3	2
29	2	2	1	1	1	2	1	1	1	1	1	1	0	1	1	2	1	1	5	1	1	1	1	3
30	4	2	1	1	1	2	1	1	1	1	1	1	0	1	1	2	1	1	4	4	3	3	3	3
31	1	2	1	1	1	1	1	5	1	1	1	1	1	1	1	3	1	1	4	4	4	3	4	3
32	2	2	1	1	1	2	1	3	1	1	1	1	1	1	1	2	1	1	5	5	1	3	5	4
33	2	2	1	1	1	1	1	2	1	1	1	1	1	1	1	2	1	1	4	2	3	4	4	2
34	3	2	1	1	1	1	1	1	1	1	1	1	1	1	1	1	1	1	4	3	3	3	3	4
35	2	2	1	1	1	2	1	5	1	1	1	1	1	1	1	5	1	1	4	3	2	2	4	2
36	2	2	1	1	1	2	1	2	1	1	1	1	1	1	1	1	1	1	5	3	3	4	4	2
37	2	2	1	1	1	2	1	2	1	1	1	1	1	1	1	3	1	1	4	4	2	4	4	3
38	2	2	1	1	1	2	1	5	1	1	1	1	1	1	1	2	1	1	2	1	3	4	4	3
39	3	2	1	1	1	2	1	2	1	1	1	1	1	1	1	3	1	1	2	2	4	2	2	3
40	3	2	1	1	1	2	1	1	1	1	1	1	1	1	1	5	1	1	4	0	0	4	0	0
41	1	2	1	1	1	2	1	2	1	1	1	1	1	1	1	2	1	1	3	3	5	3	3	3
42	4	2	1	1	1	2	1	3	1	1	1	1	1	1	1	4	1	1	4	4	5	4	5	4
43	3	3	1	1	1	1	1	5	1	1	1	1	1	1	1	2	1	1	2	4	3	3	3	4
44	3	3	1	1	1	3	1	1	1	1	1	1	1	1	1	4	1	1	4	2	2	2	6	1
45	4	3	1	1	1	2	1	2	1	1	1	2	1	1	1	2	1	1	2	4	2	1	4	2
46	3	3	1	1	1	1	1	3	1	1	1	2	1	1	1	3	1	1	3	2	3	4	4	0
47	3	3	1	1	1	2	1	5	1	1	1	2	1	1	1	5	1	1	3	2	3	5	3	3
48	3	3	1	1	1	2	1	5	1	1	1	2	1	1	1	4	1	1	4	2	3	4	3	3
49	3	3	1	1	1	1	1	1	1	1	1	2	1	1	1	1	1	1	2	2	4	4	4	3
50	3	3	1	1	1	2	1	2	1	1	1	2	1	1	1	4	1	1	2	1	1	1	1	3
51	4	3	1	1	1	1	1	1	1	1	1	2	1	1	1	5	1	1	4	3	4	5	4	1
52	3	3	1	1	1	1	1	1	1	1	1	2	1	1	1	4	1	1	4	3	5	1	4	0
53	3	3	1	1	1	2	1	2	1	1	1	2	1	1	1	1	1	1	5	2	2	4	4	3
54	3	3	1	1	1	2	1	2	1	1	1	2	1	1	1	1	1	1	4	3	3	3	4	2
55	4	3	1	1	1	2	1	2	1	2	1	2	1	1	1	2	1	1	4	5	4	3	5	3
56	1	3	1	1	1	2	1	3	1	2	1	2	1	1	1	5	1	1	4	3	3	3	4	4
57	1	3	1	1	1	2	1	1	1	2	1	2	1	1	1	1	1	1	1	4	3	4	4	4
58	1	3	1	1	1	2	1	5	1	2	1	2	1	1	1	1	1	1	5	3	4	1	5	4
59	3	3	1	1	1	1	1	4	1	2	1	2	1	1	1	1	1	1	2	2	4	3	5	2
60	3	3	1	1	1	3	1	1	1	2	1	2	1	1	1	3	1	1	4	2	2	4	5	2
61	3	3	1	1	1	2	1	2	1	2	1	2	1	1	1	2	1	1	3	0	0	0	3	0
62	3	3	1	1	1	2	1	2	1	2	1	2	1	1	1	1	1	1	4	2	3	2	5	2
63	3	3	1	1	1	2	1	3	1	2	1	2	1	1	1	1	1	1	4	3	3	3	5	3
64	3	3	1	1	1	2	1	2	1	2	1	2	1	1	1	3	1	1	4	4	4	4	5	4
65	3	3	1	1	1	2	1	1	1	2	1	2	1	1	1	5	1	1	5	3	3	4	5	3
66	3	3	1	1	1	2	1	2	1	2	1	2	1	1	1	1	1	1	5	5	3	4	4	3
67	3	3	1	1	1	3	1	2	1	2	1	2	1	1	1	3	1	1	4	3	3	3	4	3
68	3	3	1	1	1	1	1	2	1	2	1	2	1	1	1	3	1	1	4	0	2	4	4	3
69	3	3	1	1	1	2	1	5	1	2	1	2	1	1	1	2	1	1	2	3	2	4	3	2
70	3	3	1	1	1	2	1	2	1	2	1	2	1	1	1	3	1	1	4	3	4	4	4	4
71	3	3	1	1	1	3	1	5	2	2	1	2	1	1	1	1	1	1	3	4	3	3	2	2
72	3	3	1	1	1	1	1	2	2	2	1	2	1	1	1	3	1	1	4	4	5	3	4	4
73	3	3	1	1	1	1	1	2	2	2	1	2	1	1	1	3	1	1	5	2	4	5	4	3
74	3	3	1	1	1	2	1	3	2	2	1	2	1	1	1	3	1	1	4	4	5	3	3	4
75	3	3	1	1	1	2	1	5	2	2	1	2	1	1	1	2	1	1	5	3	3	5	5	5
76	3	3	1	1	1	2	1	1	2	2	1	2	1	1	1	1	1	1	4	3	2	3	4	1
77	3	3	1	1	1	1	1	3	2	2	1	2	1	1	1	2	1	1	3	3	3	3	3	3
78	4	3	1	1	1	3	1	3	2	2	1	2	1	1	1	4	1	1	3	2	3	4	5	1
79	4	3	1	1	1	3	1	3	2	2	1	2	1	1	1	3	1	1	1	2	4	2	1	3
80	3	3	1	1	1	2	1	3	2	2	1	2	1	1	1	3	1	1	4	3	3	4	5	4
81	3	3	1	1	1	1	1	5	2	2	1	2	1	1	1	1	1	1	2	4	3	5	4	4
82	3	3	1	1	1	2	1	3	2	2	2	2	1	1	1	1	1	1	5	4	3	3	5	5
83	3	3	1	1	1	2	1	3	2	2	2	2	1	1	1	4	1	1	4	2	2	1	4	2
84	3	3	1	1	1	2	1	2	2	2	2	2	1	1	1	4	1	1	5	5	3	3	4	3
85	3	3	1	1	1	1	1	3	2	2	2	2	1	1	1	3	1	1	5	3	3	4	4	3
86	3	3	1	1	1	2	1	2	2	2	2	2	1	1	1	4	1	1	3	4	4	4	4	3
87	3	3	1	1	1	3	1	5	2	2	2	2	1	1	1	1	1	1	3	2	3	4	4	4
88	3	3	1	1	1	1	1	1	2	2	2	2	1	1	1	5	1	1	2	2	2	2	2	2
89	3	3	1	1	1	2	1	2	2	2	2	2	1	1	1	3	1	1	2	2	3	4	2	3
90	1	3	1	1	1	2	1	1	2	2	2	2	1	1	1	2	1	1	3	4	4	3	4	2
91	1	3	1	1	1	2	1	5	2	2	2	2	1	1	1	2	1	1	2	2	4	5	5	2
92	1	3	1	1	1	2	1	3	2	2	2	2	1	1	1	2	1	1	2	2	2	5	2	3
93	3	3	1	1	1	1	1	2	2	2	2	2	1	1	1	4	1	1	4	5	4	5	3	3
94	3	3	1	1	1	1	1	2	2	2	2	2	1	1	1	4	1	1	3	3	4	3	2	4
95	1	3	1	1	1	1	1	1	2	2	2	2	1	1	1	3	1	1	4	4	3	3	3	4
96	3	3	1	1	1	1	1	2	2	2	2	2	1	1	1	5	1	1	4	3	2	3	4	2
97	4	3	1	1	1	2	1	3	2	2	2	2	1	1	1	3	1	1	3	2	2	4	4	0
98	3	3	1	1	1	2	1	5	2	2	2	2	1	1	1	4	1	1	5	4	3	4	5	0
99	3	3	1	1	1	1	1	2	2	2	2	2	1	1	1	1	1	1	1	1	5	1	4	2
100	3	3	1	1	1	4	1	2	2	2	2	2	1	1	1	2	1	1	4	5	4	2	2	3
101	4	3	1	1	1	2	1	1	2	2	2	2	1	1	1	1	1	1	5	2	4	4	5	1
102	3	3	1	1	1	1	1	2	2	2	2	2	1	1	1	1	2	1	5	3	4	4	5	2
103	3	3	1	1	1	2	1	2	2	2	2	2	1	1	1	2	2	1	5	4	4	5	5	3
104	4	3	1	1	1	1	1	3	2	2	2	2	1	1	1	3	2	1	2	3	4	4	4	2
105	4	3	1	1	1	1	1	2	2	2	2	2	1	1	1	4	2	1	2	2	4	2	5	3
106	4	3	1	1	1	1	1	2	2	2	2	2	1	1	1	5	2	1	5	2	1	4	5	4
107	4	3	1	1	1	1	1	2	2	2	2	2	1	1	1	2	2	1	4	3	4	5	4	3
108	3	3	1	1	1	1	1	5	2	2	2	2	1	1	1	5	2	1	5	3	4	4	5	2
109	3	3	1	1	1	2	1	2	2	2	2	2	1	1	1	4	2	1	4	2	4	3	5	2
110	3	3	1	1	1	2	1	2	2	2	2	2	1	1	1	1	2	1	3	3	4	3	2	4
111	3	3	1	1	1	3	1	2	2	2	2	2	1	1	1	2	2	1	4	4	3	3	4	4
112	3	3	1	1	1	2	1	5	2	2	2	2	1	1	1	1	2	1	3	3	3	3	4	5
113	3	3	1	1	1	2	1	2	2	2	2	2	2	1	1	2	2	1	5	2	4	4	4	2
114	3	3	1	1	1	2	1	2	2	2	2	2	2	1	1	2	2	1	2	1	3	3	4	3
115	3	3	1	1	1	2	1	2	2	2	2	2	2	1	1	4	2	1	2	5	4	4	2	4
116	3	3	1	1	1	1	1	5	2	2	2	2	2	1	1	1	2	1	4	3	1	1	3	4
117	3	3	1	1	1	1	1	2	2	2	2	2	2	1	1	2	2	1	2	6	5	5	5	5
118	3	3	1	1	1	2	1	2	2	2	2	2	2	1	1	1	2	1	4	2	2	3	3	3
119	3	3	1	1	1	2	1	4	2	2	2	2	2	1	1	4	2	2	4	2	3	4	2	0
120	4	3	1	1	1	2	1	5	2	2	2	2	2	1	1	1	2	2	4	4	2	4	5	3
121	3	3	1	1	1	2	1	1	2	2	2	2	2	1	1	3	2	2	2	3	3	3	4	4
122	3	3	1	1	1	3	1	2	2	2	2	2	2	1	1	2	2	2	3	2	2	4	4	3
123	3	3	1	1	1	2	1	3	2	2	2	2	2	1	1	3	2	2	3	2	3	3	5	3
124	3	3	1	1	1	2	1	1	2	2	2	2	2	1	1	1	2	2	4	4	4	4	4	3
125	3	3	1	1	1	2	1	2	2	2	2	2	2	1	1	4	2	2	5	2	4	3	4	4
126	3	3	1	1	1	2	1	1	2	2	2	2	2	1	1	2	2	2	5	5	3	3	4	5
127	1	3	1	1	1	 	1	2	2	2	2	2	2	1	1	2	2	2	2	2	2	3	4	3
128	1	3	1	1	1	2	1	2	2	2	2	2	2	1	1	1	2	2	2	2	3	3	4	5
129	1	3	1	1	1	1	1	5	2	2	2	2	2	1	1	3	2	2	3	3	4	2	3	3
130	3	3	1	1	1	2	1	1	2	2	2	2	2	1	1	5	2	2	4	4	5	5	4	4
131	4	4	1	1	1	2	1	3	2	2	2	2	2	1	1	3	2	2	3	3	3	3	5	2
132	1	4	1	1	1	1	1	2	2	2	2	2	2	1	1	5	2	2	5	3	4	4	5	3
133	3	4	1	1	1	2	1	3	2	2	2	2	2	1	1	3	2	2	2	3	3	4	3	3
134	3	4	1	1	1	2	1	4	2	2	2	2	2	1	1	3	2	2	2	3	3	4	4	4
135	4	4	1	1	1	2	1	5	2	2	2	2	2	1	2	2	2	2	4	4	2	4	4	3
136	1	5	1	1	1	2	1	2	2	2	2	2	2	1	2	4	2	2	5	4	5	4	5	5
137	1	5	1	1	1	2	1	3	2	2	2	2	2	1	2	2	2	2	5	3	2	2	4	4
138	3	 	1	1	1	2	1	2	2	2	2	2	2	1	2	3	2	2	3	3	5	3	4	3
139	3	 	1	1	1	2	1	3	2	2	2	2	2	1	2	1	2	2	3	3	4	5	3	5
140	3	 	1	1	1	2	1	4	2	2	2	2	2	1	2	4	2	2	5	3	4	5	3	3
141	3	 	1	1	1	1	1	2	2	2	2	2	2	1	2	3	2	2	3	5	5	5	3	3
142	3	 	1	1	1	3	1	4	2	2	2	2	2	1	2	1	2	2	4	2	3	5	5	5
143	6	2	1	1	1	2	1	3	2	2	2	2	2	1	2	5	2	2	4	5	3	3	5	4
144	2	4	1	1	1	1	1	2	2	2	2	2	2	1	2	3	2	2	1	1	1	1	1	1
145	2	1	1	1	1	1	1	2	2	2	2	2	2	1	2	5	2	2	3	3	2	3	4	3
146	1	1	1	1	1	1	1	2	2	2	2	2	2	1	2	4	2	2	3	4	3	4	4	3
147	1	1	1	1	1	1	1	5	2	2	2	2	2	1	2	1	2	2	4	4	1	5	5	1
148	3	1	1	1	1	2	1	3	2	2	2	2	2	1	2	1	2	2	2	2	2	4	5	2
149	1	1	1	1	1	2	1	2	2	2	2	2	2	1	2	3	2	2	4	4	3	4	4	4
150	2	1	1	1	1	2	1	1	2	2	2	2	2	1	2	3	2	2	5	3	3	4	4	4
151	6	1	1	1	1	2	1	2	2	2	2	2	2	1	2	4	2	2	5	5	4	3	5	3
152	4	1	1	1	1	1	1	5	2	2	2	2	2	1	2	1	2	2	5	3	3	2	5	2
153	4	1	1	1	1	1	1	5	2	2	2	2	2	1	2	1	2	2	4	2	2	3	4	2
154	2	1	1	1	1	1	1	5	2	2	2	2	2	1	2	1	2	2	4	3	2	3	4	4
155	1	1	1	1	1	2	1	2	2	2	2	2	2	1	2	4	2	2	3	3	3	4	5	3
156	2	1	1	1	1	1	1	2	2	2	2	2	2	1	2	1	2	2	3	3	1	4	3	4
157	2	1	1	1	1	2	1	2	2	2	2	2	2	1	2	2	2	2	5	4	3	3	5	4
158	2	1	1	1	1	1	1	2	2	2	2	2	2	1	2	1	2	2	5	5	3	1	2	5
159	5	1	1	1	1	 	1	1	2	2	2	2	2	1	2	5	2	2	3	3	3	3	5	4
160	4	1	1	1	1	1	1	2	2	2	2	2	2	1	2	1	2	2	1	5	2	2	4	3
161	4	1	1	1	1	2	1	2	2	2	2	3	2	1	2	1	2	2	3	0	3	4	5	3
162	5	1	1	1	1	3	1	1	2	2	2	3	2	1	2	3	2	2	2	3	3	3	5	3
163	1	1	1	1	1	1	1	2	2	2	2	3	2	1	2	1	2	2	4	5	4	4	4	3
164	2	1	1	1	1	2	1	2	2	2	2	3	2	1	2	2	2	2	5	5	4	2	4	3
165	4	1	1	1	1	1	1	3	2	2	2	3	2	1	2	3	2	2	2	0	5	5	0	0
166	1	1	1	1	1	2	1	5	2	2	2	3	2	1	2	2	2	2	4	4	4	3	4	2
167	1	1	1	1	1	2	1	1	2	2	2	3	2	1	2	4	2	2	3	1	3	5	5	3
168	4	1	1	1	1	1	1	2	2	2	2	3	2	1	2	3	2	2	3	3	5	2	5	2
169	1	2	1	1	1	2	1	3	2	2	2	3	2	1	2	4	2	2	5	4	3	3	3	2
170	3	2	1	1	1	1	1	3	2	2	2	3	2	1	2	2	2	2	3	2	2	2	4	5
171	2	2	1	1	1	2	1	2	2	2	2	3	2	1	2	2	2	2	4	1	2	3	4	3
172	3	2	1	1	1	1	1	2	2	2	2	3	2	1	2	3	2	2	4	4	3	4	5	3
173	1	2	1	1	1	2	1	2	2	2	2	3	2	1	2	1	2	2	5	5	3	4	5	4
174	1	2	1	1	1	2	1	3	2	2	2	3	2	1	2	3	2	2	5	3	3	2	4	4
175	1	2	1	1	1	2	1	3	2	2	2	3	2	1	2	3	2	2	2	1	3	4	1	2
176	2	2	1	1	1	3	1	2	2	2	2	3	2	1	2	2	2	2	5	4	5	4	5	3
177	4	2	1	1	1	2	1	5	2	2	2	3	2	1	2	2	2	2	3	3	2	3	3	2
178	2	2	1	1	1	2	1	3	2	2	2	3	2	1	2	3	2	2	0	0	4	5	5	0
179	2	2	1	1	1	1	1	5	2	2	2	3	2	1	2	1	2	2	4	3	2	3	3	3
180	4	2	1	1	1	2	1	2	2	2	2	3	2	1	2	4	2	2	5	4	3	3	4	3
181	2	2	1	1	1	2	1	3	2	2	2	3	2	1	2	5	2	2	5	2	3	4	4	2
182	1	2	1	1	1	3	1	1	2	2	2	3	2	1	2	4	2	2	4	2	2	2	4	2
183	5	2	1	1	1	2	1	3	2	2	2	3	2	1	2	3	2	2	3	3	3	3	5	3
184	2	2	1	1	1	2	1	2	2	2	2	3	2	1	2	1	2	2	4	4	2	2	5	2
185	1	2	1	1	1	2	1	3	2	2	2	3	2	1	2	2	2	2	4	2	2	2	5	4
186	4	2	1	1	1	2	1	2	2	2	2	3	2	1	2	2	2	2	4	4	5	5	5	4
187	1	2	1	1	1	3	1	2	2	2	2	3	2	1	2	5	2	2	5	3	3	5	5	5
188	2	2	1	1	1	1	1	2	2	2	2	3	2	1	2	3	2	2	2	1	4	2	3	3
189	3	2	1	1	1	1	1	5	2	2	2	3	2	1	2	2	2	2	5	3	4	2	3	3
190	4	2	1	1	1	2	1	1	2	2	2	3	2	1	2	2	2	2	5	0	3	3	4	2
191	4	2	1	1	1	3	1	3	2	2	2	3	2	1	2	4	2	2	0	0	5	5	4	3
192	5	2	1	1	1	1	1	5	2	2	2	3	2	1	2	1	2	2	5	3	0	3	5	0
193	2	2	1	1	1	2	1	5	2	2	2	3	2	1	2	5	2	2	4	2	4	5	5	1
194	2	2	1	1	1	2	1	3	2	3	2	3	2	1	2	3	2	2	3	2	3	3	4	2
195	1	2	1	1	1	2	1	3	2	3	2	3	2	1	2	2	2	2	4	3	3	4	5	3
196	1	2	1	1	1	2	1	2	2	3	2	3	2	1	2	2	2	2	4	2	3	2	4	3
197	1	2	1	1	1	2	1	2	2	3	2	3	2	1	2	5	2	2	5	5	3	2	5	1
198	1	2	1	1	1	3	1	1	2	3	2	3	2	1	2	4	2	2	1	5	5	4	5	3
199	1	2	1	1	1	2	1	5	2	3	2	3	2	1	2	4	2	2	4	2	2	3	4	3
200	2	2	1	1	1	2	1	3	2	3	2	3	2	1	2	4	2	2	4	3	4	4	5	3
201	2	2	1	1	1	1	1	2	3	3	2	3	2	1	2	3	2	2	3	2	3	2	5	3
202	1	3	1	1	1	2	1	2	3	3	2	3	2	1	2	1	2	2	4	0	0	0	4	3
203	1	3	1	1	1	1	1	1	3	3	2	3	2	1	2	4	2	2	4	4	4	5	5	3
204	1	3	1	1	1	2	1	3	3	3	2	3	2	1	2	1	2	2	2	2	4	4	4	4
205	4	3	1	1	1	1	1	3	3	3	2	3	2	1	2	4	2	2	5	2	3	5	4	2
206	2	3	1	1	1	2	1	3	3	3	2	3	2	1	2	5	2	2	4	1	2	1	5	2
207	4	3	1	1	1	1	1	2	3	3	2	3	2	1	2	2	2	2	3	2	3	3	3	5
208	4	3	1	1	1	2	1	2	3	3	2	3	2	1	2	2	2	2	4	1	1	3	3	3
209	4	3	1	1	1	2	1	2	3	3	2	3	2	1	2	2	2	2	4	2	2	2	4	2
210	3	3	1	1	1	2	1	3	3	3	2	3	2	1	2	4	2	2	4	3	2	2	4	2
211	1	3	1	1	1	2	1	5	3	3	2	3	2	1	2	2	2	2	4	3	4	4	5	2
212	1	3	1	1	1	2	1	2	3	3	2	3	2	1	2	2	2	2	4	4	4	4	4	4
213	4	3	1	1	1	2	1	3	3	3	2	3	2	1	2	2	2	2	4	3	3	4	4	2
214	2	3	1	1	1	1	1	3	3	3	2	3	2	1	2	4	2	2	4	3	5	5	4	3
215	1	3	1	1	1	2	1	3	3	3	2	3	2	1	2	5	2	2	4	4	2	4	4	2
216	1	3	1	1	1	2	1	1	3	3	2	3	2	1	2	1	2	2	5	5	3	3	5	3
217	1	3	1	1	1	2	1	3	3	3	2	3	2	1	2	4	2	2	4	2	4	4	5	0
218	4	3	1	1	1	2	1	3	3	3	2	3	2	1	2	5	2	2	2	4	2	3	4	3
219	5	3	1	1	1	1	1	5	3	3	2	3	2	1	2	5	2	2	5	5	3	3	5	3
220	5	3	1	1	1	2	1	3	3	3	2	3	2	1	2	4	2	2	4	5	3	3	4	2
221	1	3	1	1	1	1	1	2	3	3	2	3	2	1	2	3	2	2	4	4	2	2	4	2
222	2	3	1	1	1	1	1	3	3	3	2	3	2	1	2	1	2	2	4	3	3	3	5	3
223	2	3	1	1	1	1	1	3	3	3	2	3	2	1	2	1	2	2	5	1	1	5	5	1
224	2	3	1	1	1	2	1	2	3	3	2	3	2	1	2	5	2	2	5	4	3	3	4	3
225	4	3	1	1	1	1	1	3	3	3	2	3	2	1	2	3	2	2	2	2	4	4	4	4
226	4	3	1	1	1	2	1	5	3	3	2	3	2	1	2	2	2	2	3	4	4	4	4	4
227	1	3	1	1	1	2	1	2	3	3	2	3	2	1	2	1	2	2	5	1	5	4	5	5
228	2	3	1	1	1	2	1	3	3	3	2	3	2	1	2	3	2	2	4	3	2	2	4	4
229	4	3	1	1	1	3	1	2	3	3	2	3	2	1	2	3	2	2	5	3	1	3	5	2
230	1	3	1	1	1	2	1	2	3	3	2	3	2	1	2	3	2	2	4	2	3	3	4	3
231	2	3	1	1	1	1	1	1	3	3	2	3	2	1	2	4	2	2	3	3	3	3	4	3
232	6	3	1	1	1	2	1	3	3	3	2	3	2	1	2	3	2	2	4	3	2	3	4	2
233	4	3	1	1	1	2	1	2	3	3	2	3	2	1	2	2	2	2	5	3	3	3	5	1
234	4	3	1	1	1	2	1	4	3	3	2	3	2	1	2	 	2	2	1	1	1	1	 	1
235	1	3	1	1	1	1	1	2	3	3	2	3	2	1	2	5	2	2	5	4	3	5	5	4
236	1	3	1	1	1	3	1	3	3	3	2	3	2	1	2	4	2	2	4	3	3	3	4	3
237	1	3	1	1	1	3	1	3	3	3	2	3	2	1	2	3	2	2	4	3	2	4	4	4
238	1	3	1	1	1	2	1	2	3	3	2	3	2	1	2	1	2	2	5	4	1	1	5	1
239	1	3	1	1	1	2	1	2	3	3	2	3	2	1	2	4	2	2	5	3	4	4	5	2
240	1	3	1	1	1	1	1	2	3	3	2	3	2	1	2	2	2	2	4	4	3	4	3	2
241	1	3	1	1	1	2	1	5	3	3	2	3	2	1	2	2	2	2	3	0	0	0	4	4
242	1	3	1	1	1	1	1	2	3	3	2	3	2	1	2	1	2	2	5	2	2	3	5	3
243	1	3	1	1	1	1	1	2	3	3	2	3	2	1	2	4	2	2	4	3	3	3	4	0
244	1	3	1	1	1	2	1	5	3	3	2	3	2	1	2	5	2	2	5	1	1	3	3	3
245	1	3	1	1	1	1	1	1	3	3	2	3	2	1	2	1	2	2	2	2	4	4	1	2
246	1	3	1	1	1	2	1	2	3	3	2	3	2	1	2	1	2	2	4	2	2	2	4	2
247	2	3	1	1	1	1	1	1	3	3	2	3	2	1	2	3	2	2	5	1	2	1	5	1
248	2	3	1	1	1	2	1	3	3	3	2	3	2	1	2	3	2	2	5	5	3	4	5	3
249	4	3	1	1	1	1	1	5	3	3	2	3	2	1	2	4	2	2	3	3	5	5	5	3
250	4	3	1	1	1	1	1	3	3	3	2	3	2	1	2	5	2	2	4	5	4	3	4	5
251	4	3	1	1	1	2	1	3	3	3	2	3	2	1	2	4	2	2	4	3	4	3	4	2
252	2	3	1	1	1	2	1	3	3	3	2	3	2	1	2	5	2	2	2	3	5	5	5	5
253	6	3	1	1	1	1	1	3	3	3	2	3	2	1	2	4	2	2	3	4	3	2	5	3
254	1	3	1	1	1	2	1	2	3	3	2	3	2	1	2	5	2	2	4	4	3	3	5	4
255	2	3	1	1	1	2	1	2	3	3	2	3	2	1	2	4	2	2	5	3	4	3	5	1
256	2	3	1	1	1	2	1	3	3	3	2	3	2	1	2	1	2	2	4	3	3	3	4	4
257	1	3	1	1	1	2	1	2	3	3	2	3	2	1	2	3	2	2	5	2	2	4	3	4
258	4	3	1	1	1	2	1	2	3	3	2	3	2	1	2	4	2	2	4	2	3	5	5	3
259	2	3	1	1	1	2	1	5	3	3	2	3	2	1	2	2	2	2	5	4	3	4	5	3
260	2	3	1	1	1	2	1	1	3	3	2	3	2	1	2	2	2	2	3	3	3	3	3	4
261	2	3	1	1	1	3	1	5	3	3	2	3	2	1	2	4	2	2	4	3	4	2	5	3
262	2	3	1	1	1	1	1	1	3	3	2	3	2	1	2	2	2	2	2	3	4	3	3	4
263	2	3	1	1	1	2	1	3	3	3	2	3	2	1	2	4	2	2	2	3	4	3	2	4
264	1	3	1	1	1	3	1	3	3	3	2	3	2	1	2	2	2	2	5	5	3	5	3	1
265	1	3	1	1	1	2	1	2	3	3	2	3	2	1	2	1	2	2	3	4	3	4	3	4
266	1	3	1	1	1	2	1	2	3	3	2	3	2	1	2	2	2	2	3	2	4	4	3	4
267	1	3	1	1	1	2	1	5	3	3	2	3	2	1	2	1	2	2	4	5	5	4	3	4
268	1	3	1	1	1	3	1	2	3	3	2	3	2	1	2	2	2	2	3	1	1	3	5	4
269	1	3	1	1	1	2	1	3	3	3	2	3	2	1	2	3	2	2	2	2	3	3	5	4
270	1	3	1	1	1	2	1	2	3	3	2	3	2	1	2	3	2	2	3	4	3	3	4	4
271	5	3	1	1	1	1	1	1	3	3	2	3	2	1	2	5	2	2	5	5	5	4	4	3
272	5	3	1	1	1	1	1	1	3	3	2	3	2	1	2	4	2	2	3	5	3	5	4	4
273	5	3	1	1	2	1	1	2	3	3	2	3	2	1	2	3	2	2	5	5	5	5	5	1
274	5	3	1	1	2	1	1	1	3	3	2	3	2	1	2	4	2	2	5	5	5	5	5	5
275	5	3	1	1	2	2	1	1	3	3	2	3	2	1	2	3	2	2	3	3	3	3	3	3
276	5	3	1	1	2	1	1	5	3	3	2	3	2	1	2	3	2	2	5	2	1	3	5	1
277	2	3	1	1	2	3	1	2	3	3	2	3	2	1	2	5	2	2	4	2	4	2	5	4
278	2	3	1	1	2	1	1	3	3	3	3	3	2	1	2	2	2	2	4	1	1	1	5	2
279	2	3	1	1	2	1	1	5	3	3	3	3	2	1	2	5	2	2	4	1	4	4	5	2
280	2	3	1	1	2	1	1	5	3	3	3	3	2	1	2	2	2	2	3	3	3	3	3	2
281	2	3	1	1	2	1	1	3	3	3	3	3	2	1	2	2	2	2	5	1	4	4	4	2
282	2	3	1	1	2	2	1	2	3	3	3	3	2	1	2	5	2	2	2	4	2	5	4	3
283	1	3	1	1	2	1	1	5	3	3	3	3	2	1	2	1	2	2	5	5	5	5	5	1
284	2	3	1	1	2	2	1	3	3	3	3	3	2	1	2	3	2	2	5	3	3	5	3	1
285	5	4	1	1	2	2	1	2	3	3	3	3	2	1	2	3	2	2	4	4	3	5	5	1
286	5	4	1	1	2	1	1	2	3	3	3	3	2	1	2	3	2	2	4	3	3	4	5	4
287	2	4	1	1	2	2	1	3	3	3	3	3	2	1	2	2	2	2	4	4	2	4	5	4
288	5	4	1	1	2	1	1	2	3	3	3	3	2	1	2	5	2	2	5	5	5	5	5	4
289	5	4	1	1	2	1	1	3	3	3	3	3	2	1	2	5	2	2	4	5	4	4	5	2
290	5	4	1	1	2	2	1	2	3	3	3	3	2	1	2	3	2	2	5	5	3	5	5	5
291	2	4	1	1	2	3	1	2	3	3	3	3	2	1	2	4	2	2	4	3	2	2	4	2
292	1	4	1	1	2	2	1	2	3	3	3	3	2	1	2	1	2	2	3	4	4	4	4	1
293	1	4	1	1	2	3	1	4	3	3	3	3	2	1	2	5	2	2	1	3	3	3	5	4
294	1	4	1	1	2	1	1	5	3	3	3	3	2	1	2	2	2	2	4	4	3	4	5	3
295	3	4	1	1	2	2	1	3	3	3	3	3	2	1	2	4	2	2	4	2	1	2	4	3
296	5	4	1	1	2	1	1	2	3	3	3	3	2	1	2	1	2	2	5	5	5	5	5	4
297	2	4	1	1	2	2	1	3	3	3	3	3	2	1	2	2	2	2	5	4	5	4	5	3
298	2	4	1	1	2	1	1	3	3	3	3	3	2	1	2	3	2	2	4	2	3	4	4	2
299	4	4	1	1	2	2	1	2	3	3	3	3	2	1	2	5	2	2	5	3	3	3	5	3
300	2	4	1	1	2	2	1	2	3	3	3	3	3	1	2	3	2	2	5	5	3	4	5	4
301	2	4	1	1	2	3	1	2	3	3	3	3	3	1	2	5	2	2	4	5	4	5	5	5
302	1	4	1	1	2	2	1	1	3	3	3	3	3	1	2	4	2	2	5	3	3	4	5	3
303	2	4	1	1	2	2	1	3	3	3	3	3	3	1	2	1	2	2	4	5	4	3	5	4
304	1	4	1	1	2	1	1	2	3	3	3	3	3	1	2	5	2	2	3	2	4	3	4	2
305	3	4	1	1	2	2	1	1	3	3	3	3	3	1	2	3	2	2	4	2	3	4	5	4
306	4	4	1	1	2	1	1	2	3	3	3	3	3	1	2	4	2	2	3	4	3	4	4	4
307	5	4	1	1	2	2	1	1	3	3	3	3	3	1	2	5	2	2	3	3	2	4	2	5
308	4	4	1	1	2	1	1	1	3	3	3	3	3	1	2	5	2	2	3	1	4	5	5	3
309	1	5	1	1	2	1	1	4	3	3	3	3	3	1	2	3	2	2	5	5	2	3	4	3
310	1	5	1	1	2	3	1	5	3	3	3	3	3	1	2	1	2	2	4	3	3	3	4	3
311	1	5	1	1	2	3	1	3	3	3	3	3	3	1	2	5	2	2	3	2	3	4	4	4
312	1	5	1	1	2	1	1	3	3	3	3	3	3	1	2	1	2	2	5	1	1	5	4	1
313	6	5	1	1	2	1	1	3	3	3	3	3	3	1	2	2	2	2	5	5	1	3	4	3
314	1	5	1	1	2	2	1	1	3	3	3	3	3	1	2	1	2	2	5	2	2	2	5	3
315	2	5	1	1	2	1	1	5	3	3	3	3	3	1	2	1	2	2	1	5	3	1	2	2
316	1	5	1	1	2	2	1	5	3	3	3	3	3	2	2	1	2	2	1	1	1	5	1	1
317	1	5	1	1	2	2	1	1	3	3	3	3	3	2	2	3	2	2	5	5	1	4	5	4
318	1	5	1	1	2	2	1	5	3	3	3	3	3	2	2	5	2	2	3	2	2	4	3	3
319	2	5	1	1	2	2	1	3	3	3	3	3	3	2	2	2	2	2	5	3	4	4	5	5
320	2	5	1	1	2	2	1	3	3	3	3	3	3	2	2	2	2	2	4	4	2	3	4	3
321	1	5	1	1	2	1	1	2	3	3	3	3	3	2	2	2	2	2	4	3	4	5	4	2
322	1	5	1	1	2	3	1	3	3	3	3	3	3	2	2	4	2	2	5	4	4	3	5	4
323	2	5	1	1	2	2	1	3	3	3	3	3	3	2	2	5	2	2	3	5	3	3	4	3
324	2	5	1	1	2	3	1	3	3	3	3	3	3	2	2	4	2	2	3	3	2	4	4	4
325	1	6	1	1	2	2	1	5	3	3	3	3	3	2	2	5	2	2	4	4	5	4	5	5
326	3	6	1	1	2	1	2	1	3	3	3	3	3	2	2	5	2	2	5	5	3	3	4	3
327	1	1	1	1	2	1	2	5	3	3	3	3	3	2	2	1	2	2	5	3	3	3	4	4
328	4	1	1	1	2	2	2	2	3	3	3	3	3	2	2	2	2	2	4	3	4	5	5	4
329	2	1	1	1	2	2	2	2	3	3	3	3	3	2	2	3	2	2	3	4	4	4	3	4
330	4	1	1	1	2	3	2	5	3	3	3	3	3	2	2	5	2	2	3	1	4	2	4	2
331	2	1	1	1	2	2	2	1	3	3	3	3	3	2	2	5	2	2	0	3	4	3	5	2
332	2	1	1	1	2	2	2	5	3	3	3	3	3	2	2	3	2	2	4	2	3	3	3	2
333	4	1	1	1	2	2	2	4	3	3	3	3	3	2	2	3	2	2	5	2	2	5	3	1
334	4	1	1	1	2	1	2	1	3	3	3	3	3	2	2	5	2	2	1	1	1	5	0	1
335	1	1	1	1	2	2	2	4	3	3	3	3	3	2	2	2	2	2	4	3	3	4	4	2
336	1	1	1	1	2	1	2	3	3	3	3	3	3	2	2	4	2	2	2	2	4	3	3	2
337	1	1	1	1	2	2	2	1	3	3	3	3	3	2	2	1	2	2	5	4	3	3	4	5
338	1	1	1	1	2	1	2	2	3	3	3	3	3	2	2	5	2	2	4	4	2	2	3	5
339	4	1	1	1	2	1	2	5	3	3	3	3	3	2	2	1	2	2	4	2	2	2	2	2
340	2	1	1	1	2	1	2	5	3	3	3	3	3	2	2	2	2	2	4	4	4	3	4	3
341	2	1	1	1	2	1	2	2	3	3	3	3	3	2	2	5	2	2	5	4	5	4	5	5
342	1	1	1	1	2	2	2	2	3	3	3	3	3	2	2	0	2	2	4	2	2	5	5	4
343	4	1	1	1	2	2	2	3	3	3	3	3	3	2	2	2	2	2	4	4	2	2	5	3
344	2	1	1	1	2	3	2	1	3	3	3	3	3	2	2	3	2	2	4	3	2	2	5	4
345	4	1	1	1	2	2	2	4	3	3	3	3	3	2	2	1	2	2	4	3	3	5	4	4
346	4	1	1	1	2	2	2	5	3	3	3	3	3	2	2	3	2	2	4	3	4	5	3	3
347	4	1	1	1	2	2	2	5	3	3	3	3	3	2	2	5	2	2	5	2	3	4	4	3
348	2	1	1	1	2	2	2	5	3	3	3	3	3	2	2	2	2	2	5	5	3	5	5	5
349	1	1	1	1	2	1	2	5	3	3	3	3	3	2	2	1	2	2	5	5	5	5	5	3
350	3	1	1	1	2	2	2	2	3	3	3	3	3	2	2	2	2	2	3	2	3	3	3	3
351	4	1	1	1	2	1	2	2	3	3	3	3	3	2	2	1	2	2	2	2	2	2	5	3
352	2	1	1	1	2	1	2	5	3	3	3	3	3	2	2	1	2	2	5	1	4	4	3	1
353	4	1	1	1	2	1	2	5	3	3	3	3	3	2	2	3	2	2	5	2	3	4	5	4
354	1	1	1	1	2	2	2	1	3	3	3	3	3	2	2	2	2	2	1	1	5	4	3	3
355	4	1	1	1	2	1	2	5	3	3	3	3	3	2	2	1	2	2	5	2	4	2	4	3
356	1	1	1	1	2	2	2	1	3	3	3	3	3	2	2	4	2	2	4	5	3	4	3	3
357	1	1	1	1	2	3	2	1	3	3	3	3	3	2	2	0	2	2	3	3	4	3	3	3
358	4	1	1	1	2	3	2	1	3	3	3	3	3	2	2	2	2	2	5	4	4	3	5	5
359	4	1	1	1	2	1	2	1	3	3	3	3	3	2	2	5	2	2	4	5	4	4	5	4
360	2	1	1	1	2	1	2	5	3	3	3	3	3	2	2	2	2	2	5	1	2	4	5	2
361	2	1	1	1	2	1	2	1	3	3	3	3	3	2	2	4	2	2	5	5	1	2	5	2
362	1	1	1	1	2	2	2	2	3	3	3	3	3	2	2	5	2	2	5	1	5	4	5	3
363	2	1	1	1	2	1	2	2	3	3	3	3	3	2	3	1	2	2	4	4	5	3	3	0
364	6	1	1	1	2	2	2	2	3	3	3	3	3	2	3	1	2	2	5	5	0	0	5	5
365	2	1	1	1	2	2	2	5	3	3	3	3	3	2	3	2	3	2	5	3	1	1	5	3
366	4	1	1	1	2	2	2	1	3	3	3	3	3	2	3	2	3	2	2	2	4	5	5	2
367	3	2	1	1	2	1	2	5	3	3	3	3	3	2	3	1	3	2	1	3	5	5	2	3
368	2	2	1	1	2	2	2	2	3	3	3	3	3	2	3	2	3	2	5	2	2	3	3	3
369	4	2	1	1	2	1	2	3	3	3	3	3	3	2	3	2	3	2	5	1	1	3	5	2
370	4	2	1	1	2	2	2	5	3	3	3	3	3	2	3	4	3	2	3	1	3	3	3	3
371	4	2	1	1	2	2	2	2	3	3	3	4	3	2	3	2	3	2	4	4	4	3	4	4
372	4	2	2	1	2	2	2	2	3	3	3	4	3	2	3	5	3	2	5	4	5	3	5	4
373	4	2	2	1	2	2	2	1	3	3	3	4	3	2	3	5	3	2	5	5	4	5	3	3
374	4	2	2	1	2	3	2	2	3	3	3	4	3	2	3	2	3	2	3	5	5	5	5	3
375	2	2	2	1	2	2	2	1	3	3	3	4	3	2	3	2	3	2	2	3	4	4	4	3
376	1	2	2	1	2	1	2	5	3	3	3	4	3	2	3	2	3	2	4	1	3	3	5	3
377	4	2	2	1	2	2	2	2	3	3	3	4	3	2	3	3	3	2	5	1	2	2	2	2
378	4	2	2	1	2	2	2	2	3	3	3	4	3	2	3	2	3	2	3	3	3	4	5	2
379	4	2	2	1	2	2	2	2	3	3	3	4	3	2	3	2	3	2	5	2	2	2	5	3
380	4	2	2	1	2	2	2	4	3	3	3	4	3	2	3	3	3	2	5	4	4	3	5	4
381	3	2	2	1	2	1	2	2	3	3	3	4	3	2	3	1	3	2	3	2	4	3	4	3
382	1	2	2	1	2	1	2	1	3	3	3	4	3	2	3	3	3	2	2	5	3	5	5	3
383	1	2	2	1	2	1	2	1	3	3	3	4	3	2	3	4	3	2	5	4	3	3	4	3
384	1	2	2	1	2	1	2	1	3	3	3	4	3	2	3	1	3	2	5	5	3	3	5	3
385	1	2	2	1	2	2	2	5	3	3	3	4	3	2	3	5	3	2	3	1	1	1	3	5
386	1	2	2	1	2	2	2	1	3	3	3	4	3	2	3	2	3	2	2	2	2	2	2	2
387	1	2	2	1	2	1	2	2	3	3	3	4	3	2	3	1	3	2	4	3	2	4	3	3
388	1	2	2	1	2	2	2	5	3	3	3	4	3	2	3	4	3	2	5	3	2	5	5	2
389	4	2	2	1	2	3	2	2	3	3	3	4	3	2	3	1	3	2	4	4	4	4	5	1
390	4	2	2	1	2	3	2	2	3	3	3	4	3	2	3	3	3	2	2	1	3	2	5	2
391	4	2	2	1	2	2	2	5	3	3	3	4	3	2	3	2	3	2	3	3	3	3	3	3
392	4	2	2	1	2	2	2	3	3	3	3	4	3	2	3	1	3	2	4	2	2	2	3	3
393	4	2	2	1	2	2	2	3	3	3	3	4	3	2	3	2	3	2	3	3	3	3	2	3
394	2	2	2	1	2	2	2	3	3	3	3	4	3	2	3	2	3	2	3	2	2	3	4	3
395	4	2	2	1	2	2	2	3	3	3	3	4	3	2	3	1	3	2	5	1	2	1	4	2
396	4	2	2	1	2	2	2	23	3	3	3	4	3	2	3	4	3	2	5	5	4	4	5	4
397	4	2	2	1	2	1	2	1	3	3	3	4	3	2	3	2	3	2	2	4	3	4	4	4
398	4	2	2	1	2	2	2	2	3	3	3	4	3	2	3	2	3	2	3	3	4	4	4	3
399	4	2	2	1	2	2	2	3	3	3	3	4	3	2	3	4	3	2	3	3	 	4	4	3
400	2	2	2	1	2	1	2	1	3	3	3	4	3	2	3	2	3	2	4	3	4	4	3	4
401	4	2	2	1	2	2	2	5	3	3	3	4	3	2	3	 	3	2	4	3	2	4	4	4
402	4	2	2	1	2	2	2	1	3	3	3	4	3	2	3	5	3	2	4	2	2	2	5	4
403	2	2	2	1	2	1	2	5	3	3	3	4	3	2	3	2	3	2	4	3	2	2	3	3
404	4	2	2	1	2	1	2	2	3	3	3	4	3	2	3	5	3	2	5	2	1	4	5	4
405	2	2	2	1	2	1	2	1	3	3	3	4	3	2	3	4	3	2	5	1	3	3	5	4
406	1	2	2	1	2	2	2	3	3	3	3	4	3	2	3	0	3	2	3	1	2	3	4	1
407	2	2	2	1	2	1	2	2	3	3	3	4	3	2	3	1	3	2	4	2	3	3	3	2
408	4	2	2	1	2	2	2	1	3	3	3	4	3	2	3	5	3	2	4	3	2	2	4	3
409	4	2	2	1	2	2	2	2	3	3	3	4	3	2	3	1	3	2	4	3	3	4	4	3
410	4	2	2	1	2	1	2	2	3	3	3	4	3	2	3	1	3	2	4	4	3	4	4	4
411	4	2	2	1	2	2	2	2	3	3	3	4	3	2	3	3	3	2	2	3	4	4	4	2
412	3	2	2	1	2	2	2	2	3	3	3	4	3	2	3	1	3	2	4	1	1	5	4	3
413	1	2	2	1	2	2	2	2	3	3	3	4	3	2	3	4	3	2	3	2	3	4	4	4
414	4	2	2	1	2	2	2	3	3	3	3	4	3	2	3	3	3	3	5	2	2	4	5	2
415	2	2	2	1	2	2	2	3	3	3	3	4	3	2	3	2	3	3	3	1	5	5	3	2
416	2	2	2	1	2	1	2	2	3	3	3	4	3	2	3	3	3	3	3	2	2	2	3	2
417	4	2	2	1	2	2	2	1	3	3	3	4	3	2	3	2	3	3	4	2	2	5	4	3
418	3	2	2	1	2	2	2	2	3	3	3	4	3	2	3	1	3	3	5	3	2	2	3	4
419	3	2	2	1	2	2	2	2	3	3	3	4	3	2	3	1	3	3	4	3	2	2	3	3
420	1	2	2	1	2	2	2	2	3	3	3	4	3	2	3	3	3	3	5	5	4	3	5	3
421	2	2	2	1	2	1	2	2	3	3	3	4	3	2	3	5	3	3	4	4	3	2	5	5
422	3	2	2	1	2	2	2	5	3	3	3	4	3	2	3	3	3	3	3	4	3	4	4	4
423	3	2	2	1	2	2	2	2	3	3	3	4	3	2	3	2	3	3	4	3	3	3	4	3
424	3	2	2	1	2	1	2	1	3	3	3	4	3	2	3	2	3	3	1	4	2	2	1	4
425	1	2	2	1	2	2	2	2	3	3	3	4	3	2	3	 	3	3	 	3	4	4	4	4
426	1	2	2	1	2	1	2	5	3	3	3	4	3	2	3	1	3	3	3	2	4	3	4	2
427	1	2	2	1	2	1	2	2	3	3	3	4	3	2	3	3	3	3	3	3	3	4	5	3
428	4	2	2	1	2	1	2	3	3	3	3	4	3	2	3	4	3	3	2	2	4	2	3	1
429	1	2	2	1	2	2	2	2	3	3	3	4	3	2	3	1	3	3	2	2	2	3	4	3
430	4	2	2	1	2	2	2	1	3	3	3	4	3	2	3	4	3	3	5	3	5	5	5	2
431	4	2	2	1	2	2	2	2	3	3	3	4	3	2	3	3	3	3	4	4	4	3	4	2
432	4	2	2	1	2	2	2	1	3	3	3	4	3	2	3	2	3	3	5	3	2	5	5	3
433	4	2	2	1	2	1	2	1	3	3	3	4	3	2	3	3	3	3	4	3	2	1	5	4
434	4	2	2	1	2	1	2	3	3	3	3	4	3	2	3	1	3	3	4	4	4	4	5	2
435	4	2	2	1	2	2	2	2	3	3	3	4	3	2	3	1	3	3	4	2	2	3	4	2
436	4	2	2	1	2	2	2	5	3	3	3	4	3	2	3	2	3	3	4	3	3	3	4	3
437	4	2	2	1	2	2	2	1	3	3	3	4	3	2	3	3	3	3	4	1	1	3	4	2
438	4	2	2	1	2	2	2	3	3	3	3	4	3	2	3	1	3	3	5	1	2	2	4	2
439	4	2	2	1	2	2	2	5	3	3	3	4	3	2	3	2	3	3	3	3	3	3	4	3
440	4	2	2	1	2	1	2	2	3	3	3	4	3	2	3	1	3	3	4	4	4	3	5	3
441	4	2	2	1	2	1	2	5	3	3	3	4	3	2	3	2	3	3	3	4	4	4	4	3
442	4	2	2	1	2	1	2	2	3	3	3	4	3	2	3	2	3	3	3	2	5	5	4	4
443	4	2	2	1	2	1	2	5	3	3	3	4	3	2	3	1	3	3	3	3	2	2	3	3
444	4	2	2	1	2	1	2	3	3	3	3	4	3	2	3	1	3	3	5	4	4	4	4	4
445	4	3	2	1	2	2	2	2	3	3	3	4	3	2	3	3	3	3	5	3	3	3	5	3
446	4	3	2	1	2	1	2	1	3	3	3	4	3	2	3	5	3	3	4	3	4	5	4	1
447	4	3	2	1	2	1	2	2	3	3	3	4	3	2	3	5	3	3	5	3	4	4	5	3
448	4	3	2	1	2	1	2	2	3	3	3	4	3	2	3	2	3	3	5	4	4	3	5	3
449	4	3	2	1	2	2	2	2	3	3	3	4	3	2	3	5	3	3	5	1	1	5	5	3
450	4	3	2	1	2	1	2	5	3	3	3	4	3	2	3	1	3	3	4	2	2	2	2	2
451	4	3	2	1	2	1	2	3	3	3	3	4	3	2	3	2	3	3	3	3	3	3	4	1
452	4	3	2	1	2	1	2	1	3	3	3	4	3	2	3	4	3	3	4	3	5	1	4	0
453	4	3	2	1	2	2	2	2	3	3	3	4	3	2	3	3	3	3	2	2	5	3	5	4
454	1	3	2	1	2	2	2	2	3	3	3	4	3	2	3	4	3	3	1	1	5	4	5	3
455	4	3	2	1	2	2	2	2	3	3	3	4	3	2	3	5	3	3	4	1	4	3	5	1
456	4	3	2	1	2	1	2	3	3	3	3	4	3	2	3	2	3	3	3	3	3	3	1	1
457	4	3	2	1	2	1	2	3	3	3	3	4	3	2	3	2	3	3	4	1	3	4	3	1
458	4	3	2	1	2	2	2	2	3	3	3	4	3	2	3	0	3	3	3	3	3	2	3	2
459	4	3	2	1	2	2	2	2	3	3	3	4	3	2	3	2	3	3	2	4	5	5	3	2
460	4	3	2	1	2	2	2	2	3	3	3	4	3	2	3	1	3	3	4	2	4	4	5	1
461	4	3	2	1	2	2	2	2	3	3	3	4	3	2	3	2	3	3	5	4	4	5	5	3
462	4	3	2	1	2	1	2	5	3	3	3	4	3	2	3	2	3	3	2	3	4	4	4	2
463	4	3	2	1	2	2	2	2	3	3	3	4	3	2	3	1	3	3	5	2	2	4	5	2
464	4	3	2	1	2	2	2	2	3	3	3	4	3	2	3	1	3	3	3	3	2	3	5	5
465	4	3	2	1	2	1	2	2	3	3	3	4	3	2	3	2	3	3	5	4	4	4	5	3
466	4	3	2	1	2	2	2	1	3	3	3	4	3	2	3	1	3	3	4	4	4	5	2	3
467	4	3	2	1	2	2	2	1	3	3	3	4	3	2	3	2	3	3	4	4	3	5	5	1
468	2	3	2	1	2	2	2	2	3	3	3	4	3	2	3	1	3	3	5	5	4	3	4	4
469	1	3	2	1	2	1	2	2	3	3	3	4	3	2	3	4	3	3	4	1	0	3	1	3
470	4	3	2	1	2	3	2	3	3	3	3	4	3	2	3	5	3	3	2	2	1	3	1	1
471	4	3	2	1	2	1	2	1	3	3	3	4	3	2	3	1	3	3	2	2	3	3	3	2
472	4	3	2	1	2	3	2	2	3	3	3	4	3	2	3	3	3	3	5	4	3	3	4	0
473	4	3	2	1	2	1	2	5	3	3	3	4	3	2	3	3	3	3	2	1	4	3	4	1
474	4	3	2	1	2	2	2	5	3	3	3	4	3	2	3	4	3	3	4	3	4	4	4	2
475	4	3	2	1	2	2	2	3	3	3	3	4	3	2	3	2	3	3	2	3	3	3	4	2
476	 	3	2	1	2	1	2	1	3	3	3	4	3	2	3	1	3	3	4	3	4	4	5	2
477	2	3	2	1	2	1	2	2	3	3	3	4	3	2	3	5	3	3	3	5	5	3	5	4
478	4	3	2	1	2	2	2	1	3	3	3	4	3	2	3	5	3	3	3	2	3	4	5	2
479	2	3	2	1	2	1	2	3	3	3	3	4	3	2	3	4	3	3	3	4	4	4	4	5
480	2	3	2	1	2	2	2	3	3	3	3	4	3	2	3	 	3	3	3	4	4	5	5	3
481	2	3	2	1	2	2	2	1	3	3	3	4	3	2	3	1	3	3	4	2	2	4	4	2
482	4	3	2	1	2	2	2	1	3	3	3	4	3	2	3	1	3	3	5	2	4	4	5	1
483	4	3	2	1	2	1	2	2	3	3	3	4	3	2	3	1	3	3	5	3	4	4	5	2
484	4	3	2	1	2	2	2	2	3	3	3	4	3	2	3	2	3	3	5	4	4	5	5	3
485	4	3	2	1	2	1	2	3	3	3	3	4	3	2	3	3	3	3	2	3	4	4	4	2
486	4	3	2	1	2	1	2	2	3	3	3	4	3	2	3	4	3	3	2	2	4	2	5	3
487	4	3	2	1	2	1	2	2	3	3	3	4	3	2	3	5	3	3	5	2	1	4	5	4
488	4	3	2	1	2	1	2	2	4	3	3	4	3	2	3	2	3	3	4	3	4	5	4	3
489	4	3	2	1	2	1	2	5	4	3	3	4	3	2	3	2	3	3	4	4	4	3	4	3
490	4	3	2	1	2	1	2	5	4	3	3	4	3	2	3	5	3	3	5	3	4	4	5	2
491	4	3	2	1	2	2	2	2	4	3	3	4	3	2	3	4	3	3	4	2	4	3	5	2
492	4	3	2	1	2	1	2	1	4	3	3	4	3	2	3	4	3	3	5	1	2	3	3	1
493	4	3	2	1	2	1	2	1	4	3	3	4	3	2	3	1	3	3	4	2	4	4	4	3
494	4	3	2	1	2	2	2	2	4	3	3	4	3	2	3	4	3	3	1	0	4	4	3	3
495	4	3	2	1	2	3	2	3	4	3	3	4	3	2	3	4	3	3	4	4	3	5	4	1
496	4	3	2	1	2	1	2	2	4	3	3	4	3	2	3	2	3	3	3	5	3	2	2	5
497	4	3	2	1	2	2	2	2	4	3	3	4	3	2	3	3	3	3	5	5	3	4	4	3
498	4	3	2	1	2	1	2	2	4	3	3	4	3	2	3	2	3	3	4	3	4	5	4	3
499	4	3	2	1	2	2	2	3	4	3	3	4	3	2	3	5	3	3	5	3	3	2	4	4
500	4	3	2	1	2	3	2	2	4	3	3	4	3	2	3	2	3	3	3	3	4	4	4	2
501	4	3	2	1	2	2	2	2	4	3	3	4	3	2	3	2	3	3	2	3	4	4	4	2
502	4	3	2	1	2	2	2	2	4	3	3	4	3	2	3	2	3	3	5	4	4	5	5	3
503	4	3	2	1	2	3	2	1	4	3	3	4	3	2	3	4	3	3	5	2	4	4	4	3
504	2	3	2	1	2	2	2	3	4	3	3	4	3	2	3	1	3	3	3	1	1	5	5	1
505	4	3	2	1	2	3	2	2	4	3	3	4	3	2	3	5	3	3	4	3	4	3	5	2
506	2	3	2	1	2	2	2	1	4	3	3	4	3	2	3	1	3	3	4	3	3	3	4	3
507	4	3	2	1	2	2	2	1	4	3	3	4	3	2	3	2	3	3	5	2	3	4	4	2
508	2	3	2	1	2	2	2	2	4	3	3	4	3	2	3	2	3	3	4	2	3	4	4	2
509	2	3	2	1	2	2	2	3	4	4	3	4	3	2	3	2	3	3	2	2	3	4	5	3
510	4	3	2	1	2	2	2	2	4	4	3	4	3	2	3	1	3	3	5	5	2	4	5	3
511	 	3	2	1	2	1	2	3	4	4	3	4	3	2	3	0	3	3	3	3	3	4	5	3
512	4	3	2	1	2	2	2	1	4	4	3	4	3	2	3	3	3	3	4	5	4	4	5	5
513	1	3	2	1	2	1	2	2	4	4	3	4	3	2	3	2	3	3	4	4	4	4	4	2
514	4	3	2	1	2	2	2	1	4	4	3	4	3	2	3	3	3	3	4	3	3	5	5	3
515	4	3	2	1	2	2	2	2	4	4	3	4	3	2	3	2	3	3	4	2	5	3	5	3
516	4	3	2	1	2	3	2	2	4	4	3	4	3	2	3	1	3	3	5	2	3	5	4	2
517	4	3	2	1	2	2	2	2	4	4	3	4	3	2	3	3	3	3	2	2	2	4	5	2
518	4	3	2	1	2	2	2	1	4	4	3	4	3	2	3	2	3	3	4	2	3	3	5	4
519	4	3	2	1	2	1	2	2	4	4	3	4	3	2	3	2	3	3	5	3	3	3	4	3
520	4	3	2	1	2	2	2	2	4	4	3	4	3	2	3	5	3	3	4	3	3	3	5	1
521	4	3	2	1	2	2	2	1	4	4	3	4	3	2	3	3	3	3	4	4	4	4	5	3
522	4	3	2	1	2	2	2	2	4	4	3	4	3	2	3	4	3	3	4	2	2	4	5	2
523	4	3	2	1	2	1	2	2	4	4	3	4	3	2	3	4	3	3	5	3	3	2	5	3
524	4	3	2	1	2	1	2	2	4	4	3	4	3	2	3	4	3	3	4	2	3	4	4	3
525	4	3	2	1	2	2	2	2	4	4	3	4	3	2	3	1	3	3	4	2	2	4	5	1
526	4	3	2	1	2	1	2	2	4	4	3	4	3	2	3	3	3	3	0	1	3	4	5	2
527	 	4	2	1	2	2	2	3	4	4	3	4	3	2	3	2	3	3	5	5	3	3	4	3
528	4	4	2	1	2	2	2	3	4	4	3	4	3	2	3	2	3	3	5	3	3	4	5	4
529	4	4	2	1	2	1	2	4	4	4	3	4	3	2	3	5	3	3	4	4	4	4	5	2
530	2	4	2	1	2	2	2	2	4	4	3	4	3	2	3	4	3	3	3	4	4	4	4	2
531	2	4	2	1	2	1	2	2	4	4	3	4	3	2	3	4	3	3	2	2	4	2	5	2
532	1	4	2	1	2	2	2	3	4	4	3	4	3	2	3	2	3	3	3	4	3	4	5	5
533	2	4	2	1	2	1	2	3	4	4	3	4	3	2	3	1	3	3	3	2	3	5	4	2
534	4	4	2	1	2	3	2	2	4	4	3	4	3	2	3	3	3	3	5	5	2	3	4	3
535	2	4	2	1	2	2	2	2	4	4	3	4	3	2	3	2	3	3	3	4	4	4	3	2
536	1	4	2	1	2	2	2	2	4	4	3	4	3	2	3	4	3	3	3	4	3	3	4	2
537	6	4	2	1	2	2	2	2	4	4	3	4	3	2	3	3	3	3	4	4	4	3	4	3
538	2	4	2	1	2	1	2	2	4	4	3	4	3	2	3	1	3	3	0	3	3	3	3	4
539	4	4	2	1	2	1	2	2	4	4	3	4	3	2	3	3	3	3	4	3	3	4	4	2
540	2	4	2	1	2	3	2	2	4	4	3	4	3	2	3	4	3	3	4	2	4	4	4	3
541	2	4	2	1	2	1	2	2	4	4	3	4	3	2	3	2	3	3	3	2	3	3	4	3
542	2	4	2	1	2	1	2	2	4	4	3	4	3	2	3	3	3	3	4	4	4	3	4	4
543	2	4	2	1	2	2	2	2	4	4	3	4	3	2	3	2	3	3	3	2	3	2	3	2
544	2	4	2	1	2	2	2	3	4	4	3	4	3	2	3	5	3	3	5	4	3	4	4	2
545	4	4	2	1	2	2	2	3	4	4	3	4	3	2	3	3	3	3	4	4	2	4	4	2
546	4	5	2	1	2	1	2	5	4	4	3	4	3	2	3	5	3	3	4	4	3	5	5	5
547	4	5	2	1	2	2	2	3	4	4	3	4	3	2	3	2	3	3	5	5	4	4	4	3
548	6	5	2	1	2	1	2	1	4	4	3	4	3	2	3	4	3	3	5	3	1	5	5	5
549	4	5	2	1	2	2	2	3	4	4	3	4	3	2	3	5	3	3	5	4	2	2	4	4
550	2	5	2	1	2	1	2	2	4	4	3	4	3	2	3	2	3	3	5	2	1	5	4	4
551	4	5	2	1	2	2	2	3	4	4	3	4	3	2	3	4	3	3	5	3	4	4	4	3
552	2	5	2	1	2	2	2	4	4	4	3	4	3	2	3	3	3	3	5	3	4	3	5	4
553	4	5	2	1	2	2	2	3	4	4	3	4	3	2	3	4	3	3	5	3	2	4	4	3
554	2	5	2	1	2	1	2	3	4	4	3	4	3	2	3	3	3	3	5	2	3	3	5	2
555	2	5	2	1	2	2	2	3	4	4	3	4	3	2	3	3	3	3	5	3	2	4	5	4
556	2	5	2	1	2	2	2	3	4	4	3	4	3	2	3	4	3	3	5	2	2	3	4	2
557	4	5	2	1	2	2	2	3	4	4	3	4	3	2	3	2	3	3	2	2	2	2	4	3
558	2	5	2	1	2	1	2	1	4	4	3	4	3	2	3	4	3	3	4	2	3	3	4	3
559	2	2	2	1	2	2	2	3	4	4	3	4	3	2	3	4	3	3	4	3	2	1	5	4
560	5	1	2	2	3	2	2	2	4	4	3	4	3	2	3	2	3	3	3	3	3	4	4	4
561	5	1	2	2	3	2	2	2	4	4	3	4	3	2	3	3	3	3	5	5	3	3	4	4
562	3	 	2	2	3	2	2	5	4	4	3	4	3	2	3	3	3	3	5	1	2	5	3	2
563	3	 	2	2	3	2	2	3	4	4	3	4	3	2	3	3	3	3	3	2	4	3	2	2
564	3	 	2	2	3	2	2	2	4	4	3	4	3	2	3	4	3	3	3	5	5	3	2	4
565	3	 	2	2	3	2	2	2	4	4	3	4	3	2	3	4	3	3	3	5	5	3	2	4
566	3	 	2	2	3	2	2	3	4	4	3	4	3	2	3	3	3	3	3	2	4	3	2	2
567	1	 	2	2	3	2	2	3	4	4	3	4	3	2	3	2	3	3	3	4	3	3	3	3
568	3	 	2	2	3	1	2	2	4	4	3	4	3	2	3	4	3	3	1	3	3	2	3	2
569	3	1	2	2	3	2	2	3	4	4	3	4	3	2	3	3	3	3	2	3	2	3	3	3
570	1	1	2	2	3	1	2	2	4	4	3	4	3	2	3	1	3	3	5	4	3	4	5	5
571	3	1	2	2	3	2	2	3	4	4	3	4	3	2	3	4	3	3	3	4	2	3	4	4
572	2	1	2	2	3	3	2	4	4	4	3	4	3	2	3	2	3	3	5	1	3	4	4	2
573	2	1	2	2	3	3	2	4	4	4	3	4	3	2	3	3	3	3	3	2	3	4	4	3
574	1	1	2	2	3	1	2	1	4	4	3	4	3	2	3	1	3	3	4	4	2	3	4	1
575	1	1	2	2	3	1	2	3	4	4	3	4	3	3	3	1	3	3	3	4	3	4	3	4
576	3	1	2	2	3	1	2	5	4	4	3	4	3	3	3	1	3	3	3	5	3	3	3	4
577	2	2	2	2	3	1	2	3	4	4	3	4	3	3	3	3	3	3	5	5	2	3	4	2
578	3	2	2	2	3	1	2	3	4	4	3	4	3	3	3	4	3	3	3	5	1	5	3	5
579	4	2	2	2	3	2	2	3	4	4	3	4	3	3	3	3	3	3	4	4	4	4	4	1
580	1	2	2	2	3	1	2	5	4	4	3	4	3	3	3	2	3	3	3	3	3	3	4	2
581	3	2	2	2	3	2	2	2	4	4	3	4	3	3	3	1	3	3	4	3	1	5	4	1
582	3	2	2	2	3	2	2	3	4	4	3	4	3	3	3	1	3	3	2	4	3	2	2	3
583	3	2	2	2	3	3	2	2	4	4	4	4	3	3	3	5	3	3	5	2	3	4	4	3
584	3	2	2	2	3	2	2	3	4	4	4	4	3	3	3	2	3	3	5	2	4	1	5	2
585	1	2	2	2	3	2	2	2	4	4	4	4	3	3	3	2	3	3	2	2	2	2	2	2
586	1	2	2	2	3	2	2	2	4	4	4	4	3	3	3	3	3	3	2	5	2	2	2	3
587	1	2	2	2	3	1	2	2	4	4	4	4	3	3	3	3	3	3	2	2	2	2	2	2
588	3	2	2	2	3	2	2	2	4	4	4	4	3	3	3	3	3	3	3	3	4	3	2	3
589	4	2	2	2	3	2	2	2	4	4	4	4	3	3	3	3	3	3	3	3	3	3	2	3
590	4	2	2	2	3	1	2	1	4	4	4	4	3	3	3	2	3	3	3	4	3	3	5	4
591	3	2	2	2	3	2	2	5	4	4	4	4	3	3	3	3	3	3	4	4	3	3	4	3
592	3	2	2	2	3	1	2	2	4	4	4	4	3	3	3	1	3	3	4	1	3	4	5	2
593	3	2	2	2	3	2	2	2	4	4	4	4	3	3	3	4	3	3	4	2	4	3	5	2
594	2	2	2	2	3	2	2	2	4	4	4	4	3	3	3	4	3	3	3	2	4	3	4	1
595	2	2	2	2	3	2	2	2	4	4	4	4	3	3	3	3	3	3	2	2	1	3	4	2
596	2	2	2	2	3	2	2	1	4	4	4	4	3	3	3	4	3	3	4	3	4	4	3	2
597	2	2	2	2	3	2	2	1	4	4	4	4	3	3	3	4	3	3	2	2	3	4	4	4
598	2	2	2	2	3	3	2	2	4	4	4	4	3	3	3	1	3	3	4	3	3	3	4	5
599	3	2	2	2	3	1	2	2	4	4	4	4	3	3	3	1	3	3	4	4	4	4	4	3
600	1	2	2	2	3	1	2	1	4	4	4	4	3	3	3	1	3	3	3	3	4	4	3	3
601	1	2	2	2	3	1	2	3	4	4	4	4	3	3	3	2	3	3	3	3	2	4	4	4
602	4	2	2	2	3	2	2	2	4	4	4	4	3	3	3	3	3	3	3	3	4	5	3	4
603	1	2	2	2	3	2	2	5	4	4	4	4	3	3	3	2	3	3	2	3	3	 	2	3
604	1	2	2	2	3	3	2	3	4	4	4	4	3	3	3	3	3	3	5	2	2	2	5	5
605	3	2	2	2	3	2	2	2	4	4	4	4	3	3	3	4	3	3	3	4	2	4	3	3
606	3	3	2	2	3	1	2	2	4	4	4	4	3	3	3	4	3	3	2	4	2	2	2	1
607	3	3	2	2	3	2	2	2	4	4	4	4	3	3	3	5	3	3	5	3	3	4	5	2
608	3	3	2	2	3	3	2	1	4	4	4	4	3	3	3	3	3	3	3	4	2	3	3	3
609	2	3	2	2	3	1	2	3	4	4	4	4	3	3	3	1	3	3	3	3	3	3	3	3
610	3	3	2	2	3	2	2	2	4	4	4	4	3	3	3	1	3	3	5	3	5	5	5	5
611	3	3	2	2	3	2	2	5	4	4	4	4	3	3	3	1	3	3	2	2	4	3	2	3
612	3	3	2	2	3	2	2	2	4	4	4	4	3	3	3	3	3	3	4	3	4	4	3	3
613	3	3	2	2	3	2	2	3	4	4	4	4	3	3	3	3	3	3	5	4	5	5	5	3
614	3	3	2	2	3	2	2	3	4	4	4	4	3	3	3	1	3	3	3	2	3	2	3	3
615	3	3	2	2	3	1	2	5	4	4	4	4	3	3	3	3	3	3	4	3	2	2	5	3
616	3	3	2	2	3	1	2	3	4	4	4	4	3	3	3	5	3	3	5	4	3	2	3	2
617	3	3	2	2	3	2	2	2	4	4	4	4	3	3	3	2	3	3	4	3	3	4	4	5
618	3	3	2	2	3	2	2	3	4	4	4	4	3	3	3	2	3	3	5	3	3	3	5	2
619	3	3	2	2	3	2	2	2	4	4	4	4	3	3	3	1	3	3	4	4	2	4	5	1
620	3	3	2	2	3	2	2	2	4	4	4	4	3	3	3	2	3	3	2	3	0	4	4	2
621	3	3	2	2	3	1	2	2	4	4	4	4	3	3	3	2	3	3	5	5	3	3	4	3
622	4	3	2	2	3	2	2	2	4	4	4	4	4	3	3	2	3	3	1	4	2	2	1	3
623	3	3	2	2	3	3	2	3	4	4	4	4	4	3	3	2	3	3	5	3	2	3	5	4
624	3	3	2	2	3	2	2	3	4	4	4	4	4	3	3	1	3	3	3	5	2	4	3	4
625	3	3	2	2	3	1	2	3	4	4	4	4	4	3	3	1	3	3	1	5	5	5	1	1
626	1	3	2	2	3	2	2	3	4	4	4	4	4	3	3	4	3	3	5	2	3	4	5	2
627	1	3	2	2	3	2	2	2	4	4	4	4	4	3	3	3	3	3	4	4	4	3	3	4
628	1	3	2	2	3	2	2	2	4	4	4	4	4	3	3	2	3	3	3	2	2	5	2	2
629	4	3	2	2	3	1	2	2	4	4	4	4	4	3	3	5	3	3	3	4	4	3	4	4
630	4	3	2	2	3	2	2	1	4	4	4	4	4	3	3	3	3	3	3	3	2	3	3	2
631	3	3	2	2	3	2	2	3	4	4	4	4	4	3	3	3	3	3	3	3	2	3	3	3
632	4	3	2	2	3	2	2	1	4	4	4	4	4	3	3	2	3	3	4	2	2	3	3	3
633	2	3	2	2	3	1	2	1	4	4	4	4	4	3	3	2	3	3	4	2	2	3	3	4
634	3	3	2	2	3	2	2	1	4	4	4	4	4	3	3	2	3	3	4	3	3	4	4	2
635	4	3	2	2	3	2	2	2	4	4	4	4	4	3	3	3	3	3	3	3	3	3	4	2
636	4	3	2	2	4	2	2	1	4	4	4	4	4	3	3	2	3	3	3	3	3	3	4	3
637	4	3	2	2	4	1	2	2	4	4	4	4	4	3	3	1	3	3	5	2	2	4	5	2
638	3	3	2	2	4	1	2	2	4	4	4	4	4	3	3	4	3	3	4	1	2	3	4	2
639	3	3	2	2	4	3	2	1	4	4	4	4	4	3	3	2	3	3	5	3	3	3	5	2
640	3	3	2	2	4	1	2	2	4	4	4	4	4	3	3	3	3	3	5	3	3	4	5	5
641	3	3	2	2	4	3	2	2	4	4	4	4	4	3	3	2	3	3	4	2	3	5	5	2
642	3	3	2	2	4	1	2	2	4	4	4	4	4	3	3	2	3	3	3	3	3	4	4	3
643	3	3	2	2	4	2	2	2	4	4	4	4	4	3	3	4	3	3	4	3	3	4	3	4
644	3	3	2	2	4	2	2	2	4	4	4	4	4	3	3	1	3	3	5	3	4	4	2	1
645	3	3	2	2	4	3	2	5	4	4	4	4	4	3	3	2	3	3	3	2	3	3	3	3
646	3	3	2	2	4	1	2	2	4	4	4	4	4	3	3	1	3	3	4	4	4	4	3	3
647	3	3	2	2	4	1	2	2	4	4	4	4	4	3	3	2	3	3	2	4	1	2	5	5
648	3	3	2	2	4	3	2	3	4	4	4	4	4	3	3	1	3	3	5	2	3	4	5	3
649	3	3	2	2	4	3	2	1	4	4	4	4	4	3	3	2	3	3	4	3	4	4	4	3
650	3	3	2	2	4	1	2	2	4	4	4	4	4	3	3	4	3	3	4	4	4	4	3	2
651	1	3	2	2	4	1	2	3	4	4	4	4	4	3	3	3	3	3	2	2	2	2	2	3
652	4	3	2	2	4	2	2	2	4	4	4	4	4	3	3	3	3	3	3	3	4	3	3	3
653	4	3	2	2	4	2	2	2	4	4	4	4	4	3	3	4	3	3	3	2	2	2	3	3
654	3	3	2	2	4	1	2	1	4	4	4	4	4	3	3	4	3	3	2	4	4	4	5	5
655	3	3	2	2	4	1	2	2	4	4	4	4	4	3	3	3	3	3	4	4	4	4	4	4
656	1	4	2	2	4	1	2	2	4	4	4	4	4	3	3	5	3	3	4	3	4	4	4	2
657	3	4	2	2	4	2	2	3	4	4	4	4	4	3	3	1	3	3	4	1	4	5	5	4
658	3	4	2	2	4	2	2	1	4	4	4	4	4	3	3	1	3	3	3	4	2	5	1	4
659	4	4	2	2	4	2	2	2	4	4	4	4	4	3	3	3	3	3	5	4	2	3	4	2
660	4	 	2	2	4	2	2	2	4	4	4	4	4	3	3	2	3	3	2	3	2	3	3	2
661	3	 	2	2	4	2	2	2	4	4	4	4	4	3	3	5	3	3	5	4	2	4	3	5
662	1	 	2	2	4	3	2	2	4	4	4	4	4	3	3	4	3	3	4	3	3	4	3	4
663	4	 	2	2	4	2	2	2	4	4	4	4	4	3	3	2	3	3	2	3	3	2	3	3
664	1	 	2	2	4	3	2	2	4	4	4	4	4	3	3	5	3	3	3	4	4	5	3	4
665	3	 	2	2	4	2	2	3	4	4	4	4	4	3	3	4	3	3	1	1	4	5	5	3
666	3	1	2	2	4	2	2	2	4	4	4	4	4	3	3	4	3	3	2	3	4	2	2	2
667	3	1	2	2	4	1	2	5	4	4	4	4	4	3	3	3	3	3	4	4	3	3	5	3
668	3	1	2	2	4	1	2	5	4	4	4	4	4	3	3	1	3	3	2	3	2	3	2	2
669	1	1	2	2	4	1	2	5	4	4	4	4	4	3	4	2	3	3	5	3	2	4	4	0
670	3	1	2	2	4	1	2	5	4	4	4	4	4	3	4	4	3	3	3	3	4	3	4	3
671	 	1	2	2	4	2	2	2	4	4	4	4	4	3	4	5	3	3	3	4	3	1	2	5
672	2	1	2	2	4	2	2	1	4	4	4	4	4	3	4	1	3	3	3	5	5	5	5	1
673	1	1	2	2	4	2	2	2	4	4	4	4	4	3	4	4	3	3	2	2	2	3	4	4
674	5	1	2	2	4	1	2	2	4	4	4	4	4	3	4	3	3	3	5	4	1	5	3	5
675	2	1	2	2	4	1	2	5	4	4	4	4	4	3	4	2	3	3	2	2	1	2	2	1
676	2	1	2	2	4	1	2	1	4	4	4	5	4	3	4	4	3	3	2	3	3	4	4	1
677	2	1	2	2	4	1	2	2	4	4	4	5	4	3	4	1	3	3	5	4	4	4	5	5
678	4	1	2	2	4	2	2	2	4	4	4	5	4	3	4	 	3	3	3	3	5	5	3	2
679	1	1	2	2	4	1	3	5	4	4	4	5	4	3	4	2	3	3	2	2	3	3	3	3
680	3	2	2	2	4	1	3	1	4	4	4	5	4	3	4	2	3	3	3	2	2	3	3	3
681	2	2	2	2	4	1	3	1	4	4	4	5	4	3	4	1	3	3	4	3	4	3	5	2
682	1	2	2	2	4	1	3	2	4	4	4	5	4	3	4	2	3	3	2	1	3	3	2	3
683	4	2	2	2	4	2	3	1	4	4	4	5	4	3	4	2	3	3	4	1	3	3	5	1
684	2	2	2	2	4	2	3	3	4	4	4	5	4	3	4	3	3	3	3	4	3	3	4	3
685	2	2	2	2	4	3	3	2	4	4	4	5	4	3	4	2	3	3	2	3	4	3	3	3
686	2	2	2	2	4	2	3	2	4	4	4	5	4	3	4	2	3	3	3	2	3	1	5	4
687	2	2	2	2	4	1	3	5	4	4	4	5	4	3	4	4	3	3	3	3	3	2	3	3
688	1	2	2	2	4	2	3	2	4	4	4	5	4	3	4	3	3	3	5	5	5	5	3	1
689	3	2	2	2	4	2	3	2	4	4	4	5	4	3	4	5	3	3	5	3	3	5	4	3
690	2	2	2	2	4	2	3	5	4	4	4	5	4	3	4	2	3	3	4	3	3	3	4	3
691	2	2	2	2	4	1	3	5	4	4	4	5	4	3	4	2	3	3	2	2	3	3	3	2
692	4	2	2	2	4	1	3	5	4	4	4	5	4	3	4	3	3	3	1	2	2	2	4	4
693	5	2	2	2	4	1	3	3	4	4	4	5	4	3	4	1	3	3	4	2	3	4	5	2
694	2	2	2	2	4	2	3	2	4	4	4	5	4	3	4	5	3	3	4	5	5	4	5	5
695	1	2	2	2	4	3	3	2	4	4	4	5	4	3	4	1	3	3	4	4	2	3	4	2
696	1	2	2	2	4	3	3	3	4	4	4	5	4	3	4	3	4	3	4	5	4	4	5	3
697	1	2	2	2	4	2	3	5	4	4	4	5	4	3	4	2	4	3	4	2	4	4	3	3
698	1	2	2	2	4	2	3	2	4	4	4	5	4	3	4	3	4	3	4	3	4	4	4	2
699	2	2	2	2	4	2	3	2	4	4	4	5	4	3	4	3	4	3	3	2	2	2	3	4
700	2	2	2	2	4	2	3	3	4	4	4	5	4	3	4	5	4	3	4	4	3	3	4	0
701	4	3	2	2	4	2	3	3	4	4	4	5	4	3	4	2	4	3	2	5	4	4	4	2
702	1	3	2	2	4	2	3	3	4	4	4	5	4	3	4	4	4	3	5	3	3	3	3	5
703	2	3	2	2	4	1	3	2	4	4	4	5	4	3	4	5	4	3	3	4	1	1	5	4
704	4	3	2	2	4	2	3	3	4	4	4	5	4	3	4	3	4	3	3	2	3	2	4	4
705	1	3	2	2	4	1	3	3	4	4	4	5	4	3	4	2	4	3	3	1	3	4	5	3
706	1	3	2	2	4	2	3	5	4	4	4	5	4	3	4	4	4	3	5	3	1	4	5	2
707	1	3	2	2	4	2	3	5	4	4	4	5	4	3	4	5	4	3	2	5	4	2	3	4
708	1	3	2	2	4	3	3	2	4	4	4	5	4	3	4	3	4	3	4	3	3	5	3	4
709	2	3	2	2	4	2	3	5	4	4	4	5	4	3	4	5	4	3	4	3	3	3	5	2
710	2	3	2	2	4	2	3	2	4	4	4	5	4	3	4	2	4	3	3	3	3	4	2	2
711	2	3	2	2	4	2	3	3	4	4	4	5	4	3	4	3	4	3	3	4	4	4	4	2
712	4	3	2	2	4	2	3	3	4	4	4	5	4	3	4	2	4	3	3	3	3	3	3	3
713	4	3	2	2	4	3	3	1	4	4	4	5	4	3	4	3	4	3	2	2	4	4	3	3
714	1	3	2	2	4	2	3	1	4	4	4	5	4	3	4	3	4	3	2	3	2	2	4	2
715	4	3	2	2	4	2	3	1	4	4	4	5	4	3	4	4	4	3	4	3	3	4	4	4
716	2	3	2	2	4	2	3	5	4	4	4	5	4	3	4	2	4	3	5	2	5	5	5	1
717	2	3	2	2	4	2	3	3	4	4	4	5	4	3	4	2	4	3	3	3	3	2	3	3
718	2	3	2	2	4	2	3	5	4	4	4	5	4	3	4	1	4	3	3	5	4	5	3	3
719	1	3	2	2	4	2	3	2	4	4	4	5	4	3	4	2	4	3	4	2	2	1	5	1
720	1	3	2	2	4	2	3	5	4	4	4	5	4	3	4	2	4	3	5	2	3	5	3	2
721	5	3	2	2	4	2	3	2	4	4	4	5	4	3	4	3	4	4	3	4	4	3	3	3
722	2	3	2	2	4	1	3	2	4	4	4	5	4	3	4	3	4	4	4	4	5	5	4	4
723	2	3	2	2	4	2	3	3	4	4	4	5	4	3	4	4	4	4	4	3	3	3	3	2
724	2	3	2	2	4	2	3	2	4	4	4	5	4	3	4	1	4	4	4	2	2	3	5	4
725	2	3	2	2	4	1	3	5	4	4	4	5	4	3	4	0	4	4	4	3	3	3	4	3
726	5	4	2	2	4	1	3	2	4	4	4	5	4	3	4	2	4	4	3	5	4	2	3	3
727	1	4	2	2	4	1	3	3	4	4	4	5	4	3	4	3	4	4	5	5	5	5	1	5
728	1	4	2	2	4	1	3	3	4	4	4	5	4	3	4	3	4	4	4	3	4	5	4	4
729	4	4	2	2	4	2	3	2	4	4	4	5	4	3	4	3	4	4	4	3	4	4	5	3
730	2	4	2	2	4	2	3	2	4	4	4	5	4	3	4	3	4	4	5	3	1	1	5	5
731	2	4	2	2	4	2	3	2	4	4	4	5	4	3	4	2	4	4	2	2	4	3	5	4
732	5	4	2	2	4	1	3	4	4	4	4	5	4	3	4	3	4	4	5	4	3	4	4	1
733	4	4	2	2	4	1	3	2	4	4	4	5	4	3	4	5	4	4	4	3	3	3	4	4
734	2	4	2	2	4	2	3	2	4	4	4	5	4	3	4	5	4	4	4	4	4	4	4	4
735	2	4	2	2	4	1	3	3	4	4	4	5	4	3	4	4	4	4	5	3	3	4	5	4
736	3	4	2	2	4	2	3	3	4	4	4	5	4	3	4	5	4	4	5	3	4	4	5	0
737	1	4	2	2	4	1	3	1	4	4	4	5	4	3	4	2	4	4	3	4	3	4	3	3
738	4	4	2	2	4	2	3	1	4	4	4	5	4	3	4	2	4	4	3	2	3	4	4	2
739	1	5	2	2	4	2	3	5	4	4	4	5	4	3	4	1	4	4	4	3	5	4	4	2
740	2	5	2	2	4	1	3	3	4	4	4	5	4	3	4	5	4	4	5	2	4	1	2	1
741	2	5	2	2	4	1	3	3	4	4	4	5	4	3	4	3	4	4	2	5	4	5	3	5
742	6	5	2	2	4	3	3	3	4	4	4	5	4	3	4	1	4	4	5	2	2	2	5	5
743	5	5	2	2	4	2	3	1	4	4	4	5	4	3	4	2	4	4	5	4	4	4	5	5
744	4	5	2	2	4	2	3	2	4	4	4	5	4	3	4	4	4	4	5	3	3	4	4	2
745	4	1	2	2	4	2	3	2	4	4	4	5	4	3	4	1	4	4	5	4	4	5	5	3
746	4	1	2	2	4	2	3	2	4	4	4	5	4	3	4	1	4	4	2	4	3	3	4	2
747	4	1	2	2	4	1	3	5	4	4	4	5	4	3	4	1	4	4	3	3	3	3	3	3
748	4	1	2	2	4	2	3	2	4	4	4	5	4	3	4	2	4	4	4	3	4	5	5	1
749	1	1	2	2	4	2	3	1	4	4	4	5	4	3	4	5	4	4	3	3	3	3	5	4
750	4	1	2	2	4	2	3	1	4	4	4	5	4	3	4	1	4	4	3	3	0	3	5	1
751	1	1	2	2	4	1	3	1	4	4	4	5	4	3	4	2	4	4	4	4	3	4	3	4
752	4	1	2	2	4	1	3	3	4	4	4	5	4	3	4	1	4	4	2	4	4	5	4	1
753	4	1	2	2	4	2	3	3	4	4	4	5	4	3	4	4	4	4	3	3	3	3	3	3
754	4	1	2	2	4	1	3	1	4	4	4	5	4	3	4	1	4	4	2	1	2	5	5	2
755	4	2	2	2	4	2	3	5	4	4	4	5	4	3	4	4	4	4	5	2	2	4	4	4
756	4	2	2	2	4	2	3	2	4	4	4	5	4	3	4	3	4	4	4	3	2	2	2	4
757	4	2	2	2	4	2	3	5	4	4	4	5	4	3	4	3	4	4	5	3	3	3	4	2
758	2	2	2	2	4	1	3	1	4	4	4	5	4	3	4	3	4	4	1	1	1	5	5	3
759	2	2	2	2	4	2	3	2	4	4	4	5	4	3	4	2	4	4	4	2	3	4	4	2
760	4	2	2	2	4	1	3	1	4	4	4	5	4	3	4	5	4	4	4	3	4	5	4	1
761	2	2	2	2	4	2	3	2	4	4	4	5	4	3	4	3	4	4	3	3	3	3	4	2
762	4	2	2	2	4	2	3	1	4	4	4	5	4	3	4	2	4	4	3	3	3	3	4	3
763	2	2	2	2	4	2	3	2	4	4	4	5	4	3	4	2	4	4	5	5	3	3	4	4
764	6	2	2	2	4	2	3	1	4	4	4	5	4	3	4	1	4	4	3	4	4	4	4	2
765	4	2	2	2	4	1	3	2	4	4	4	5	4	3	4	1	4	4	3	4	4	4	4	3
766	4	2	2	2	4	2	3	2	4	4	4	5	4	3	4	3	4	4	3	2	4	4	3	4
767	4	2	2	2	4	2	3	1	4	4	4	5	4	3	4	2	4	4	5	4	3	3	4	3
768	4	2	2	2	4	2	3	2	4	4	4	5	4	3	4	2	4	4	3	2	2	2	5	3
769	2	2	2	2	4	2	3	1	4	4	4	5	4	3	4	2	4	4	3	2	3	4	4	0
770	2	2	2	2	4	1	3	3	4	4	4	5	4	3	4	1	4	4	5	1	3	2	5	1
771	2	2	2	2	4	2	3	2	4	4	4	5	4	3	4	3	4	4	2	1	3	4	4	2
772	4	2	2	2	4	1	3	1	4	4	4	5	4	3	4	2	4	4	5	1	1	1	5	3
773	1	2	2	2	4	2	3	2	4	4	4	5	4	3	4	4	4	4	2	1	3	4	4	2
774	4	2	2	2	5	2	3	2	4	4	4	5	4	3	4	2	4	4	5	1	2	4	5	2
775	4	2	2	2	5	1	3	2	4	4	4	5	4	3	4	1	4	4	3	3	3	3	3	3
776	4	2	2	2	5	2	3	5	4	4	4	5	4	3	4	1	4	4	3	2	3	3	4	1
777	4	2	2	2	5	2	3	2	4	4	4	5	4	3	4	4	4	4	2	2	4	4	4	1
778	4	2	2	2	5	2	3	5	5	4	4	5	4	3	4	1	4	4	3	2	2	3	4	3
779	4	2	2	2	5	1	3	1	5	4	4	5	4	3	4	3	4	4	4	4	5	5	5	3
780	4	2	2	2	5	1	3	3	5	4	4	5	4	3	4	2	4	4	4	3	4	4	4	3
781	4	2	2	2	5	1	3	2	5	4	4	5	4	3	4	2	4	4	5	3	3	2	4	3
782	4	2	2	2	5	2	3	5	5	4	4	5	4	3	4	2	4	4	4	3	4	4	5	2
783	4	2	2	2	5	1	3	1	5	4	4	5	4	3	4	1	4	4	1	1	1	1	4	3
784	4	2	2	2	5	2	3	1	5	4	4	5	4	3	4	3	4	4	2	3	3	4	4	2
785	4	2	2	2	5	2	3	5	5	4	4	5	4	3	4	4	4	4	4	3	4	4	2	3
786	4	2	2	2	5	1	3	2	5	4	4	5	4	3	4	2	4	4	4	3	4	4	4	2
787	4	2	2	2	5	2	3	1	5	4	4	5	4	3	4	1	4	4	5	5	3	3	5	4
788	4	2	2	2	5	1	3	2	5	4	4	5	4	4	4	1	4	4	4	3	3	4	4	4
789	4	3	2	2	5	1	3	2	5	4	4	5	4	4	4	5	4	4	4	3	4	4	4	2
790	4	3	2	2	5	1	3	5	5	4	4	5	4	4	4	2	4	4	3	3	3	3	4	2
791	4	3	2	2	5	1	3	3	5	4	4	5	4	4	4	1	4	4	3	3	3	3	3	3
792	4	3	2	2	5	1	3	1	5	4	4	5	4	4	4	1	4	4	2	2	2	2	2	2
793	4	3	2	2	5	2	3	1	5	4	4	5	4	4	4	1	4	4	5	3	5	4	4	2
794	4	3	2	2	5	2	3	2	5	4	4	5	4	4	4	5	4	4	5	3	4	4	5	3
795	4	3	2	2	5	2	3	5	5	5	4	5	4	4	4	2	4	4	3	3	3	3	4	2
796	4	3	2	2	5	2	3	2	5	5	4	5	4	4	4	5	4	4	5	1	1	5	5	3
797	3	3	2	2	5	2	3	2	5	5	4	5	4	4	4	3	4	4	 	4	4	4	4	4
798	4	3	2	2	5	1	3	2	5	5	4	5	4	4	4	2	4	4	3	3	3	4	4	3
799	4	3	2	2	5	2	3	1	5	5	4	5	4	4	4	4	4	4	2	1	1	1	4	2
800	2	3	2	2	5	2	3	2	5	5	4	5	4	4	4	4	4	4	4	5	4	3	3	5
801	4	3	2	2	5	2	3	2	5	5	4	5	4	4	4	2	4	4	4	3	4	4	5	4
802	4	3	2	2	5	2	3	3	5	5	5	5	4	4	4	2	4	4	4	4	4	4	4	3
803	4	3	2	2	5	2	3	5	5	5	5	5	4	4	4	4	4	4	4	4	4	3	4	3
804	4	3	2	2	5	2	3	2	5	5	5	5	4	4	4	3	4	4	3	3	3	3	4	2
805	4	3	2	2	5	2	3	1	5	5	5	5	4	4	4	2	4	4	3	3	3	3	4	3
806	4	3	2	2	5	1	3	2	5	5	5	5	4	4	4	1	4	4	5	2	2	4	5	2
807	4	3	2	2	5	1	3	2	5	5	5	5	4	4	4	4	4	4	4	1	2	3	4	2
808	4	3	2	2	5	1	3	2	5	5	5	5	4	4	4	3	4	4	5	2	4	3	4	3
809	4	3	2	2	5	1	3	1	5	5	5	5	4	4	4	4	4	4	4	3	3	4	4	3
810	4	3	2	2	5	2	3	2	5	5	5	5	4	4	4	1	4	4	5	2	2	2	5	0
811	6	3	2	2	5	2	3	1	5	5	5	5	4	4	4	4	4	4	4	2	4	3	3	3
812	2	3	2	2	5	2	3	1	5	5	5	5	4	4	4	1	4	4	5	3	4	4	5	2
813	2	3	2	2	5	2	3	5	5	5	5	5	4	4	4	2	4	4	3	3	5	5	5	0
814	4	3	2	2	5	2	3	2	5	5	5	5	4	4	4	3	4	4	5	3	3	4	5	1
815	4	3	2	2	5	2	3	2	5	5	5	5	4	4	4	4	4	4	4	4	3	3	5	4
816	4	3	2	2	5	2	3	5	5	5	5	5	4	4	4	5	4	4	3	3	5	4	5	2
817	4	3	2	2	5	2	3	2	5	5	5	5	4	4	4	3	4	4	5	2	3	3	5	2
818	4	3	2	2	5	1	3	2	5	5	5	5	4	4	4	1	4	4	5	3	2	4	4	2
819	4	3	2	2	5	1	3	 	5	5	5	5	4	4	4	3	4	4	3	3	5	5	4	2
820	3	4	2	2	5	2	3	2	5	5	5	5	4	4	4	0	4	4	5	2	1	1	1	2
821	2	4	2	2	5	1	3	3	5	5	5	5	4	4	4	3	4	4	0	0	2	1	0	1
822	2	4	2	2	5	2	3	1	5	5	5	5	4	4	4	4	4	4	4	3	5	4	4	2
823	2	4	2	2	5	2	3	3	5	5	5	5	4	4	4	4	4	4	4	4	3	3	5	2
824	2	4	2	2	5	1	3	3	5	5	5	5	4	4	4	2	4	4	2	3	4	3	3	2
825	2	4	2	2	5	2	3	2	5	5	5	5	4	4	4	1	4	4	5	1	2	4	5	2
826	3	4	2	2	5	1	3	1	5	5	5	5	4	4	4	4	4	4	4	2	4	3	5	5
827	 	4	2	2	5	2	3	2	5	5	5	5	4	4	4	4	4	4	5	4	3	4	5	3
828	2	5	2	2	5	3	3	3	5	5	5	5	4	4	4	3	4	4	4	2	4	3	5	3
829	4	5	2	2	5	2	3	3	5	5	5	5	4	4	4	4	4	4	3	2	2	2	3	4
830	4	5	2	2	5	2	3	3	5	5	5	5	4	4	4	3	4	4	5	3	4	4	5	5
831	4	6	2	2	5	1	3	3	5	5	5	5	4	4	4	3	4	4	4	3	4	3	5	4
832	4	 	2	2	5	2	3	3	5	5	5	5	4	4	4	5	4	4	5	3	3	1	5	5
833	3	 	2	3	5	2	3	2	5	5	5	5	4	4	4	4	4	4	4	3	4	3	2	3
834	4	 	2	3	5	2	3	2	5	5	5	5	4	4	4	4	4	4	3	2	3	4	2	4
835	3	 	2	3	5	2	3	2	5	5	5	5	4	4	4	4	4	4	3	2	3	2	4	3
836	1	 	2	3	5	1	3	4	5	5	5	5	4	4	4	4	4	4	3	5	3	4	5	1
837	3	 	2	3	5	2	3	2	5	5	5	5	4	4	4	2	4	4	3	4	2	2	2	2
838	3	 	2	3	5	2	3	2	5	5	5	5	4	4	4	2	4	4	3	4	2	2	2	2
839	2	1	2	3	5	1	3	2	5	5	5	5	4	4	4	1	4	4	3	3	3	3	4	4
840	3	2	2	3	5	2	3	2	5	5	5	5	4	4	4	1	4	4	3	2	4	4	5	3
841	3	2	2	3	5	4	3	3	5	5	5	5	4	4	4	4	4	4	4	2	3	3	4	3
842	3	2	2	3	6	2	3	3	5	5	5	5	4	4	4	2	4	4	1	2	3	3	4	5
843	4	2	2	3	6	2	3	3	5	5	5	5	4	4	4	3	4	4	1	3	3	3	3	4
844	3	2	2	3	6	3	3	2	5	5	5	5	5	4	4	2	4	4	2	3	2	4	2	4
845	2	2	2	3	6	2	3	2	5	5	5	5	5	4	4	3	4	4	3	2	4	3	3	1
846	3	2	2	3	6	2	3	1	5	5	5	5	5	4	4	5	4	4	4	3	4	4	5	3
847	3	3	2	3	6	2	3	2	5	5	5	5	5	4	4	2	4	4	4	2	5	5	4	5
848	3	3	2	3	6	2	3	2	5	5	5	5	5	4	4	3	4	4	3	3	4	3	4	4
849	3	4	2	3	6	1	3	2	5	5	5	5	5	4	4	4	4	4	3	2	3	4	4	2
850	3	5	2	3	6	2	3	2	5	5	5	5	5	4	4	2	4	4	5	3	3	4	5	2
851	1	5	2	3	6	1	3	2	5	5	5	5	5	4	4	2	4	4	5	3	3	2	4	4
852	3	5	2	3	6	3	3	3	5	5	5	5	5	4	4	3	4	4	3	3	3	4	4	4
853	3	 	2	3	6	2	3	2	5	5	5	5	5	4	4	4	4	4	5	4	2	4	3	3
854	3	 	2	3	6	2	3	2	5	5	5	5	5	4	4	1	4	4	5	3	3	4	4	4
855	4	4	2	3	6	2	3	1	5	5	5	5	5	4	4	3	4	4	3	1	2	2	4	1
856	2	1	2	3	6	2	3	2	5	5	5	5	5	4	4	2	4	4	2	1	3	2	4	5
857	1	1	2	3	6	2	3	3	5	5	5	5	5	4	4	4	4	4	3	5	3	5	4	3
858	1	1	2	3	6	1	3	5	5	5	5	5	5	4	4	3	4	4	2	2	3	4	4	4
859	2	1	2	3	6	1	3	2	5	5	5	5	5	4	4	3	4	4	3	4	3	2	4	5
860	2	1	2	3	6	2	3	5	5	5	5	5	5	4	4	1	4	4	2	2	5	4	3	2
861	1	2	2	3	6	1	3	5	5	5	5	5	5	4	4	4	4	4	2	2	3	4	4	2
862	2	2	2	3	6	2	3	2	5	5	5	5	5	4	4	2	4	4	5	2	1	4	3	3
863	4	2	2	3	6	1	3	2	5	5	5	5	5	4	4	4	4	4	3	5	4	3	3	2
864	2	2	2	3	6	2	3	2	5	5	5	5	5	4	4	2	4	4	1	3	4	4	4	3
865	3	3	2	3	6	2	3	3	5	5	5	5	5	4	4	3	4	4	4	4	2	3	3	3
866	1	3	2	3	6	1	3	2	5	5	5	5	5	4	4	2	4	4	3	3	3	4	4	4
867	2	3	2	3	6	1	3	2	5	5	5	5	5	4	4	2	4	4	5	5	4	3	4	1
868	4	3	2	3	6	2	3	5	5	5	5	5	5	4	4	4	4	5	3	4	4	4	5	3
869	2	4	2	3	6	2	3	5	5	5	5	5	5	4	4	5	4	5	3	4	3	3	3	2
870	3	4	2	3	6	3	3	4	5	5	5	5	5	4	5	3	4	5	4	4	3	5	4	5
871	2	4	2	3	6	2	3	2	5	5	5	5	5	4	5	4	5	5	3	3	4	4	4	3
872	4	5	2	3	6	2	3	3	5	5	5	5	5	4	5	3	5	5	4	3	3	4	4	3
873	4	1	2	3	6	2	3	2	5	5	5	5	5	4	5	3	5	5	1	3	3	4	5	3
874	4	1	2	3	6	1	3	3	5	5	5	5	5	4	5	2	5	5	2	4	3	4	2	2
875	4	1	2	3	6	1	3	1	5	5	5	5	5	5	5	4	5	5	4	3	3	3	5	1
876	4	2	2	3	6	1	3	3	5	5	5	5	5	5	5	3	5	5	4	3	3	3	4	2
877	4	2	2	3	6	2	3	2	5	5	5	5	5	5	5	3	5	5	4	5	2	3	4	2
878	3	2	2	3	6	2	3	5	5	5	5	5	5	5	5	2	5	5	4	4	4	4	4	3
879	4	3	2	3	6	2	3	2	5	5	5	5	5	5	5	4	5	5	3	4	4	4	5	4
880	4	3	2	3	6	2	3	2	5	5	5	5	5	5	5	4	5	5	5	3	4	4	5	3
881	4	3	2	3	6	2	3	2	5	5	5	5	5	5	5	2	5	5	4	3	4	3	5	2
882	2	4	2	3	6	1	3	2	5	5	5	5	5	5	5	3	5	5	4	2	3	3	3	0
883	2	4	2	3	6	2	3	3	5	5	5	5	5	5	5	2	5	5	5	2	2	2	5	3
884	4	6	2	3	6	2	3	3	5	5	5	5	5	5	5	3	5	5	3	3	3	3	3	3
885	3	1	2	4	6	3	3	3	5	5	5	5	5	5	5	4	5	5	4	3	3	5	5	4
886	4	2	2	4	6	2	3	3	5	5	5	5	5	5	5	3	5	5	5	3	4	3	5	4
887	3	2	2	4	6	3	3	2	5	5	5	5	5	5	5	2	5	5	3	3	3	4	4	4
888	1	3	2	4	6	1	3	3	5	5	5	5	5	5	5	4	5	5	4	5	2	3	3	4
889	4	3	2	4	6	2	3	2	5	5	5	5	5	5	5	2	5	5	4	2	3	4	4	2
890	3	3	2	4	6	2	3	2	5	5	5	5	5	5	5	2	5	5	3	3	4	3	3	5
891	3	3	2	4	6	2	4	2	5	5	5	5	5	5	5	1	5	5	3	3	5	5	1	1
892	4	3	2	4	6	2	4	3	5	5	5	5	5	5	5	3	5	5	5	2	3	3	5	2
893	3	3	2	4	6	2	4	1	5	5	5	5	5	5	5	2	5	5	3	2	4	4	5	3
894	3	4	2	4	6	2	4	2	5	5	5	5	5	5	5	3	5	5	3	4	3	2	3	3
895	3	4	2	4	6	3	4	2	5	5	5	5	5	5	5	3	5	5	3	4	4	4	3	3
896	4	 	2	4	6	2	4	1	5	5	5	5	5	5	5	4	5	5	2	2	5	5	1	4
897	2	2	2	4	6	2	4	2	5	5	5	5	5	5	5	2	5	5	2	2	2	2	2	2
898	2	3	2	4	6	2	4	3	5	5	5	5	5	5	5	2	5	5	5	3	3	4	5	3
899	2	3	2	4	6	2	4	2	5	5	5	5	5	5	5	2	5	5	3	5	5	5	5	5
900	1	3	2	4	6	2	4	3	5	5	5	5	5	5	5	4	5	5	4	3	3	4	4	5
901	1	3	9	4	6	2	4	2	5	5	5	5	5	5	5	3	5	5	3	4	4	3	4	3
902	2	3	9	4	6	2	4	2	5	5	5	5	5	5	5	3	5	5	3	1	1	4	4	1
903	2	4	9	4	6	2	4	2	5	5	5	5	5	5	5	5	5	5	4	2	2	5	5	3
904	4	 	9	4	6	2	4	1	5	5	5	5	5	5	5	5	5	5	4	2	4	4	5	3
905	2	2	9	4	6	2	4	1	5	5	5	5	5	5	5	1	5	5	3	3	3	2	4	3
906	4	2	9	4	6	3	4	3	5	5	5	5	5	5	5	2	5	5	4	2	4	4	5	3
907	4	2	9	4	6	2	4	2	5	5	5	5	5	5	5	5	5	5	1	2	2	2	1	2
908	4	2	9	4	6	1	4	2	5	5	5	5	5	5	5	1	5	5	5	5	5	5	5	5
909	4	3	9	4	6	2	4	2	5	5	5	5	5	5	5	2	5	5	4	2	3	4	4	2
910	4	3	9	4	6	2	4	2	5	5	5	5	5	5	5	2	5	5	5	4	4	3	5	3
911	4	3	9	4	6	2	4	5	5	5	5	5	 	5	5	3	5	5	3	3	3	3	4	3
912	4	3	9	4	6	2	4	1	5	5	5	5	 	5	5	1	5	5	4	2	4	4	4	3
913	4	4	9	4	6	2	4	4	5	5	5	5	 	5	5	3	5	5	5	2	4	4	5	4
914	4	4	9	4	6	3	4	2	5	5	5	5	 	0	5	2	5	5	5	2	2	2	5	3
915	2	4	9	4	 	1	4	3	5	5	5	5	 	1	5	3	5	5	3	5	3	5	5	5
916	2	4	9	4	 	1	 	3	5	5	5	5	 	0	0	4	5	5	5	0	5	3	5	5
917	4	2	9	4	 	3	 	2	5	5	0	 	 	0	0	2	0	5	2	3	 	 	 	 
918	1	1	9	4	 	2	 	5	5	5	 	 	 	0	0	2	0	0	4	4	2	3	5	5
919	4	3	9	 	 	2	 	2	5	5	 	 	 	0	0	2	0	0	4	3	3	4	3	3
